148.370	108.400	0.000	0.590
148.110	108.710	0.050	0.590
148.730	107.850	0.100	0.590
148.510	107.560	0.150	0.590
148.850	107.720	0.200	0.590
148.870	107.810	0.250	-0.314
148.110	108.380	0.300	-0.314
147.500	108.780	0.350	-0.314
148.180	108.410	0.400	-0.314
148.110	108.490	0.450	-0.314
148.230	107.630	0.500	-0.314
149.990	107.070	0.550	-0.314
149.400	107.330	0.600	-0.314
148.100	107.560	0.650	-0.314
148.550	107.680	0.700	-0.314
148.830	107.230	0.750	-0.314
148.300	107.790	0.800	-0.314
148.040	107.450	0.850	-0.314
148.420	107.810	0.900	-0.314
149.150	107.530	0.950	-0.314
149.280	181.930	0.000	-0.112
149.950	182.150	0.050	-0.112
149.070	182.480	0.100	-0.112
149.750	181.740	0.150	-0.112
149.330	181.610	0.200	-0.112
149.770	182.100	0.250	0.148
149.260	181.920	0.300	0.148
149.570	182.070	0.350	0.148
149.750	181.680	0.400	0.148
149.680	181.360	0.450	0.148
149.450	181.900	0.500	0.148
149.180	181.800	0.550	0.148
149.380	181.970	0.600	0.148
149.770	182.120	0.650	0.148
149.860	181.760	0.700	0.148
149.630	182.050	0.750	0.148
149.390	182.240	0.800	0.148
149.350	182.240	0.850	0.148
150.050	182.360	0.900	0.148
149.230	182.600	0.950	0.148
178.620	182.930	0.000	0.136
178.570	182.580	0.050	0.136
178.110	182.850	0.100	0.136
178.640	183.680	0.150	0.136
178.750	183.730	0.200	0.136
178.390	183.140	0.250	0.013
178.590	182.840	0.300	0.013
179.020	183.710	0.350	0.013
179.110	183.170	0.400	0.013
178.790	182.890	0.450	0.013
178.350	182.810	0.500	0.013
178.820	183.310	0.550	0.013
178.540	183.350	0.600	0.013
178.340	183.690	0.650	0.013
178.580	183.610	0.700	0.013
178.730	183.340	0.750	0.013
178.500	182.860	0.800	0.013
178.620	183.420	0.850	0.013
179.110	182.900	0.900	0.013
178.420	182.180	0.950	0.013
160.630	77.135	0.000	0.846
160.900	76.407	0.050	0.846
161.640	76.925	0.100	0.846
162.070	77.699	0.150	0.846
162.060	77.559	0.200	0.846
161.300	77.791	0.250	-0.958
161.230	77.792	0.300	-0.958
160.010	77.656	0.350	-0.958
159.820	76.955	0.400	-0.958
161.070	77.452	0.450	-0.958
160.140	77.303	0.500	-0.958
160.500	76.851	0.550	-0.958
160.170	76.629	0.600	-0.958
160.720	76.461	0.650	-0.958
161.570	76.664	0.700	-0.958
161.630	76.452	0.750	-0.958
162.070	77.004	0.800	-0.958
162.330	76.796	0.850	-0.958
161.360	77.415	0.900	-0.958
161.400	77.456	0.950	-0.958
172.780	146.480	0.000	0.323
172.650	146.900	0.050	0.323
172.430	147.210	0.100	0.323
172.650	146.780	0.150	0.323
172.330	146.890	0.200	0.323
171.920	146.880	0.250	0.343
171.680	146.550	0.300	0.343
171.750	147.210	0.350	0.343
172.590	147.060	0.400	0.343
172.770	146.530	0.450	0.343
171.950	146.950	0.500	0.343
171.910	146.560	0.550	0.343
172.680	146.780	0.600	0.343
172.640	146.800	0.650	0.343
173.310	146.460	0.700	0.343
172.290	146.760	0.750	0.343
171.940	146.390	0.800	0.343
172.480	146.720	0.850	0.343
172.580	146.160	0.900	0.343
172.320	145.670	0.950	0.343
192.300	244.850	0.000	0.349
192.170	244.740	0.050	0.349
192.350	244.420	0.100	0.349
192.050	244.580	0.150	0.349
192.270	244.430	0.200	0.349
192.070	244.850	0.250	0.328
192.280	244.630	0.300	0.328
192.200	244.680	0.350	0.328
192.390	244.560	0.400	0.328
192.130	244.300	0.450	0.328
192.130	245.020	0.500	0.328
192.150	244.800	0.550	0.328
192.230	244.680	0.600	0.328
191.960	244.490	0.650	0.328
192.190	244.260	0.700	0.328
191.960	244.560	0.750	0.328
192.280	244.290	0.800	0.328
192.550	244.560	0.850	0.328
192.560	244.610	0.900	0.328
192.620	244.440	0.950	0.328
199.650	66.795	0.000	0.202
200.350	66.645	0.050	0.202
201.660	66.449	0.100	0.202
200.050	66.592	0.150	0.202
201.720	65.922	0.200	0.202
199.640	66.940	0.250	-0.284
200.150	66.344	0.300	-0.284
199.620	66.677	0.350	-0.284
198.830	67.168	0.400	-0.284
200.040	66.495	0.450	-0.284
200.010	66.415	0.500	-0.284
200.140	66.404	0.550	-0.284
200.160	66.148	0.600	-0.284
200.200	66.555	0.650	-0.284
200.190	66.336	0.700	-0.284
200.660	66.645	0.750	-0.284
200.060	66.419	0.800	-0.284
200.390	65.952	0.850	-0.284
200.220	66.633	0.900	-0.284
200.310	66.110	0.950	-0.284
169.020	174.730	0.000	0.573
168.880	174.400	0.050	0.573
169.780	174.990	0.100	0.573
169.650	174.540	0.150	0.573
169.890	175.070	0.200	0.573
169.620	174.580	0.250	0.785
169.580	174.970	0.300	0.785
168.080	175.770	0.350	0.785
168.800	174.720	0.400	0.785
168.930	174.870	0.450	0.785
169.190	174.870	0.500	0.785
169.510	175.150	0.550	0.785
168.980	175.280	0.600	0.785
168.920	174.760	0.650	0.785
170.330	174.080	0.700	0.785
170.470	174.100	0.750	0.785
171.500	173.980	0.800	0.785
170.710	173.970	0.850	0.785
170.190	173.680	0.900	0.785
171.870	173.020	0.950	0.785
215.750	72.627	0.000	0.197
215.820	72.371	0.050	0.197
215.600	72.613	0.100	0.197
216.110	72.639	0.150	0.197
215.810	72.099	0.200	0.197
215.860	72.722	0.250	0.348
215.620	72.393	0.300	0.348
215.460	72.371	0.350	0.348
215.330	72.254	0.400	0.348
215.410	72.489	0.450	0.348
216.360	71.840	0.500	0.348
216.120	72.676	0.550	0.348
215.940	72.640	0.600	0.348
215.930	72.319	0.650	0.348
215.950	72.438	0.700	0.348
216.300	72.460	0.750	0.348
216.490	72.531	0.800	0.348
216.080	72.677	0.850	0.348
216.160	72.564	0.900	0.348
216.720	72.667	0.950	0.348
186.840	313.900	0.000	0.402
187.240	314.240	0.050	0.402
187.470	315.020	0.100	0.402
186.840	314.280	0.150	0.402
186.770	314.290	0.200	0.402
186.460	313.970	0.250	0.215
186.760	314.110	0.300	0.215
186.670	314.120	0.350	0.215
186.940	312.900	0.400	0.215
186.700	313.470	0.450	0.215
186.350	313.540	0.500	0.215
185.850	313.250	0.550	0.215
186.590	313.510	0.600	0.215
186.850	314.160	0.650	0.215
186.870	313.060	0.700	0.215
187.000	314.000	0.750	0.215
187.170	313.550	0.800	0.215
187.670	313.340	0.850	0.215
187.510	313.560	0.900	0.215
187.960	313.270	0.950	0.215
205.660	163.020	0.000	0.965
205.150	163.860	0.050	0.965
205.250	162.960	0.100	0.965
204.780	163.580	0.150	0.965
205.250	163.400	0.200	0.965
205.610	164.530	0.250	-0.099
205.800	164.660	0.300	-0.099
206.610	164.420	0.350	-0.099
206.810	164.770	0.400	-0.099
207.720	164.110	0.450	-0.099
206.900	164.240	0.500	-0.099
206.560	163.610	0.550	-0.099
205.810	163.900	0.600	-0.099
205.960	164.140	0.650	-0.099
205.310	164.170	0.700	-0.099
205.520	163.860	0.750	-0.099
205.180	164.310	0.800	-0.099
205.470	165.040	0.850	-0.099
205.870	165.260	0.900	-0.099
205.570	164.720	0.950	-0.099
200.320	264.010	0.000	0.726
200.370	263.980	0.050	0.726
199.930	263.630	0.100	0.726
200.100	264.390	0.150	0.726
200.610	264.320	0.200	0.726
199.820	264.650	0.250	1.705
200.410	264.730	0.300	1.705
200.290	265.260	0.350	1.705
199.760	264.310	0.400	1.705
200.550	264.990	0.450	1.705
200.470	264.820	0.500	1.705
199.820	264.990	0.550	1.705
199.890	265.170	0.600	1.705
199.870	265.670	0.650	1.705
199.400	265.920	0.700	1.705
200.120	266.360	0.750	1.705
200.100	267.030	0.800	1.705
199.960	266.670	0.850	1.705
200.120	267.880	0.900	1.705
199.810	267.900	0.950	1.705
146.200	141.520	0.000	0.669
145.800	141.480	0.050	0.669
146.540	141.500	0.100	0.669
145.590	141.340	0.150	0.669
147.100	141.450	0.200	0.669
146.900	141.060	0.250	0.557
145.450	140.910	0.300	0.557
145.430	140.480	0.350	0.557
145.170	140.820	0.400	0.557
144.590	140.720	0.450	0.557
144.650	140.730	0.500	0.557
144.670	141.100	0.550	0.557
144.780	140.340	0.600	0.557
144.810	140.290	0.650	0.557
144.330	140.570	0.700	0.557
144.190	140.560	0.750	0.557
144.380	140.530	0.800	0.557
144.830	140.360	0.850	0.557
145.000	140.570	0.900	0.557
145.210	140.280	0.950	0.557
236.390	140.150	0.000	0.534
236.820	139.750	0.050	0.534
236.410	140.340	0.100	0.534
236.730	139.870	0.150	0.534
237.170	139.370	0.200	0.534
237.380	139.490	0.250	-1.524
237.510	139.880	0.300	-1.524
236.040	140.800	0.350	-1.524
236.010	141.170	0.400	-1.524
235.690	140.610	0.450	-1.524
236.090	139.920	0.500	-1.524
236.280	140.770	0.550	-1.524
237.070	139.890	0.600	-1.524
236.360	141.060	0.650	-1.524
236.390	140.800	0.700	-1.524
235.940	140.020	0.750	-1.524
236.460	141.010	0.800	-1.524
236.990	140.270	0.850	-1.524
236.330	139.710	0.900	-1.524
236.360	139.900	0.950	-1.524
255.460	182.860	0.000	0.407
254.980	182.830	0.050	0.407
255.460	182.860	0.100	0.407
255.340	183.210	0.150	0.407
256.210	183.020	0.200	0.407
254.900	182.900	0.250	1.327
254.860	183.070	0.300	1.327
255.860	182.930	0.350	1.327
255.970	183.320	0.400	1.327
255.830	183.490	0.450	1.327
255.750	183.030	0.500	1.327
255.740	183.120	0.550	1.327
255.960	183.520	0.600	1.327
255.930	183.510	0.650	1.327
255.740	184.100	0.700	1.327
256.170	184.220	0.750	1.327
255.660	184.090	0.800	1.327
255.340	184.530	0.850	1.327
255.630	184.650	0.900	1.327
255.480	184.950	0.950	1.327
219.150	162.390	0.000	0.179
218.750	162.050	0.050	0.179
219.210	162.350	0.100	0.179
218.580	162.700	0.150	0.179
218.880	162.820	0.200	0.179
219.550	163.230	0.250	0.674
219.010	163.460	0.300	0.674
219.320	162.560	0.350	0.674
219.550	163.120	0.400	0.674
219.200	162.860	0.450	0.674
218.970	163.730	0.500	0.674
218.290	162.880	0.550	0.674
219.410	162.780	0.600	0.674
219.570	162.300	0.650	0.674
219.300	163.150	0.700	0.674
219.330	163.520	0.750	0.674
218.630	162.820	0.800	0.674
218.980	162.590	0.850	0.674
219.450	163.030	0.900	0.674
219.800	163.710	0.950	0.674
238.700	233.780	0.000	0.884
238.340	234.160	0.050	0.884
239.380	233.230	0.100	0.884
239.790	233.160	0.150	0.884
239.590	234.590	0.200	0.884
239.140	236.130	0.250	0.678
239.190	235.830	0.300	0.678
239.170	235.890	0.350	0.678
239.530	235.130	0.400	0.678
240.290	235.550	0.450	0.678
240.740	236.030	0.500	0.678
239.780	236.180	0.550	0.678
239.080	236.210	0.600	0.678
239.740	236.290	0.650	0.678
239.850	236.340	0.700	0.678
239.580	235.990	0.750	0.678
240.080	235.180	0.800	0.678
239.950	235.340	0.850	0.678
240.370	235.430	0.900	0.678
240.440	235.140	0.950	0.678
132.080	77.836	0.000	0.326
131.710	77.537	0.050	0.326
131.620	76.981	0.100	0.326
131.260	77.011	0.150	0.326
131.050	76.844	0.200	0.326
132.080	77.258	0.250	0.142
131.170	77.489	0.300	0.142
130.690	76.767	0.350	0.142
130.290	77.206	0.400	0.142
130.840	77.439	0.450	0.142
131.020	77.802	0.500	0.142
130.950	77.464	0.550	0.142
130.290	77.341	0.600	0.142
130.440	77.144	0.650	0.142
131.490	77.541	0.700	0.142
131.500	77.623	0.750	0.142
131.180	77.543	0.800	0.142
132.040	78.123	0.850	0.142
131.280	77.545	0.900	0.142
130.460	76.871	0.950	0.142
100.880	172.530	0.000	0.822
101.980	173.070	0.050	0.822
102.990	171.920	0.100	0.822
102.810	172.360	0.150	0.822
102.670	172.710	0.200	0.822
104.220	173.040	0.250	0.492
104.560	172.070	0.300	0.492
105.260	171.990	0.350	0.492
104.640	171.440	0.400	0.492
105.120	170.830	0.450	0.492
105.320	171.360	0.500	0.492
105.110	171.340	0.550	0.492
104.750	171.450	0.600	0.492
105.860	170.630	0.650	0.492
105.340	170.520	0.700	0.492
104.290	171.470	0.750	0.492
103.570	171.990	0.800	0.492
102.850	171.780	0.850	0.492
103.950	171.670	0.900	0.492
104.620	170.720	0.950	0.492
193.120	250.350	0.000	0.416
193.050	250.010	0.050	0.416
193.260	250.240	0.100	0.416
193.010	250.500	0.150	0.416
193.380	250.310	0.200	0.416
193.300	250.910	0.250	-0.234
193.120	250.390	0.300	-0.234
193.460	250.150	0.350	-0.234
193.270	250.250	0.400	-0.234
193.210	250.960	0.450	-0.234
193.190	251.400	0.500	-0.234
193.000	251.310	0.550	-0.234
193.500	250.650	0.600	-0.234
193.300	251.110	0.650	-0.234
193.630	250.750	0.700	-0.234
193.320	250.570	0.750	-0.234
194.030	250.140	0.800	-0.234
193.730	250.590	0.850	-0.234
194.020	250.610	0.900	-0.234
193.500	250.490	0.950	-0.234
227.450	167.970	0.000	0.713
227.270	167.890	0.050	0.713
227.130	167.580	0.100	0.713
227.400	168.210	0.150	0.713
228.200	168.900	0.200	0.713
227.540	168.740	0.250	0.615
227.140	168.830	0.300	0.615
227.250	169.420	0.350	0.615
227.390	169.350	0.400	0.615
227.220	168.380	0.450	0.615
227.290	168.690	0.500	0.615
227.910	168.560	0.550	0.615
227.260	168.660	0.600	0.615
228.110	168.610	0.650	0.615
228.800	169.270	0.700	0.615
228.600	170.290	0.750	0.615
228.730	169.720	0.800	0.615
228.520	170.730	0.850	0.615
227.040	169.410	0.900	0.615
226.960	169.280	0.950	0.615
222.020	234.900	0.000	0.623
222.790	234.690	0.050	0.623
222.510	234.920	0.100	0.623
222.520	234.860	0.150	0.623
222.590	234.680	0.200	0.623
222.420	234.970	0.250	-0.517
222.310	234.120	0.300	-0.517
222.110	234.610	0.350	-0.517
222.560	234.240	0.400	-0.517
222.360	234.560	0.450	-0.517
222.140	235.240	0.500	-0.517
222.120	235.520	0.550	-0.517
222.040	235.200	0.600	-0.517
221.950	235.320	0.650	-0.517
221.870	235.720	0.700	-0.517
222.050	235.870	0.750	-0.517
221.960	235.780	0.800	-0.517
221.960	235.380	0.850	-0.517
222.180	234.930	0.900	-0.517
221.940	235.230	0.950	-0.517
242.550	257.120	0.000	0.877
242.670	257.320	0.050	0.877
243.770	257.120	0.100	0.877
242.920	257.830	0.150	0.877
242.950	258.590	0.200	0.877
242.320	257.790	0.250	-1.649
242.190	258.370	0.300	-1.649
243.050	258.980	0.350	-1.649
243.040	258.720	0.400	-1.649
242.610	257.800	0.450	-1.649
242.100	257.670	0.500	-1.649
242.400	256.430	0.550	-1.649
242.730	256.520	0.600	-1.649
243.500	255.050	0.650	-1.649
242.980	255.800	0.700	-1.649
244.310	254.850	0.750	-1.649
244.660	255.010	0.800	-1.649
243.530	255.710	0.850	-1.649
243.090	257.210	0.900	-1.649
242.950	256.930	0.950	-1.649
162.210	254.960	0.000	0.248
163.050	254.280	0.050	0.248
162.680	254.060	0.100	0.248
163.090	254.020	0.150	0.248
162.690	254.210	0.200	0.248
162.450	253.630	0.250	-1.352
163.410	253.300	0.300	-1.352
162.000	254.870	0.350	-1.352
162.770	254.090	0.400	-1.352
162.440	254.210	0.450	-1.352
163.570	253.540	0.500	-1.352
163.460	253.530	0.550	-1.352
162.860	253.930	0.600	-1.352
163.760	254.110	0.650	-1.352
163.440	253.810	0.700	-1.352
163.010	254.500	0.750	-1.352
163.080	254.090	0.800	-1.352
162.190	254.630	0.850	-1.352
162.730	255.080	0.900	-1.352
162.310	254.930	0.950	-1.352
254.140	143.740	0.000	0.714
254.220	143.540	0.050	0.714
254.330	143.800	0.100	0.714
253.990	143.700	0.150	0.714
253.850	143.380	0.200	0.714
253.780	143.910	0.250	-0.635
254.250	143.380	0.300	-0.635
254.080	143.060	0.350	-0.635
254.150	142.940	0.400	-0.635
254.340	142.740	0.450	-0.635
254.250	143.630	0.500	-0.635
254.410	144.180	0.550	-0.635
255.120	143.920	0.600	-0.635
254.970	143.920	0.650	-0.635
254.550	143.070	0.700	-0.635
255.120	143.240	0.750	-0.635
254.370	143.000	0.800	-0.635
254.500	143.960	0.850	-0.635
254.260	143.800	0.900	-0.635
254.570	144.220	0.950	-0.635
213.940	124.790	0.000	0.811
213.440	125.180	0.050	0.811
213.330	124.120	0.100	0.811
212.920	124.270	0.150	0.811
212.200	124.150	0.200	0.811
213.400	124.810	0.250	-0.869
213.520	124.660	0.300	-0.869
214.510	124.540	0.350	-0.869
213.720	123.460	0.400	-0.869
214.200	124.780	0.450	-0.869
213.270	123.710	0.500	-0.869
212.050	123.950	0.550	-0.869
211.020	123.720	0.600	-0.869
211.530	124.450	0.650	-0.869
210.660	123.950	0.700	-0.869
211.500	124.630	0.750	-0.869
212.650	124.080	0.800	-0.869
213.520	124.240	0.850	-0.869
212.840	125.120	0.900	-0.869
212.770	123.870	0.950	-0.869
240.260	191.410	0.000	0.953
240.400	191.900	0.050	0.953
240.540	191.720	0.100	0.953
240.460	192.090	0.150	0.953
240.380	192.510	0.200	0.953
240.200	192.250	0.250	0.241
240.620	192.410	0.300	0.241
240.950	192.010	0.350	0.241
241.130	192.950	0.400	0.241
240.210	192.880	0.450	0.241
240.660	193.670	0.500	0.241
241.220	193.590	0.550	0.241
241.740	193.200	0.600	0.241
241.480	192.230	0.650	0.241
240.350	190.850	0.700	0.241
241.620	191.040	0.750	0.241
241.560	191.360	0.800	0.241
242.140	191.360	0.850	0.241
242.340	190.970	0.900	0.241
242.280	191.090	0.950	0.241
140.510	273.710	0.000	0.194
140.970	274.540	0.050	0.194
140.500	274.610	0.100	0.194
140.500	273.200	0.150	0.194
140.310	273.980	0.200	0.194
139.820	274.660	0.250	-0.255
140.360	273.550	0.300	-0.255
139.930	273.920	0.350	-0.255
140.700	273.980	0.400	-0.255
140.710	273.940	0.450	-0.255
140.570	274.050	0.500	-0.255
141.380	273.600	0.550	-0.255
141.330	273.710	0.600	-0.255
140.270	273.000	0.650	-0.255
140.220	273.700	0.700	-0.255
140.990	274.090	0.750	-0.255
140.460	274.940	0.800	-0.255
140.360	274.590	0.850	-0.255
140.630	273.660	0.900	-0.255
141.180	273.540	0.950	-0.255
251.670	227.740	0.000	0.441
251.610	228.230	0.050	0.441
251.790	228.300	0.100	0.441
251.840	227.970	0.150	0.441
252.030	228.110	0.200	0.441
252.390	226.840	0.250	0.286
252.400	226.760	0.300	0.286
252.230	227.760	0.350	0.286
252.380	227.290	0.400	0.286
252.910	227.240	0.450	0.286
252.670	227.700	0.500	0.286
252.640	226.320	0.550	0.286
252.410	227.240	0.600	0.286
252.190	227.840	0.650	0.286
252.970	227.630	0.700	0.286
253.170	227.580	0.750	0.286
252.690	227.890	0.800	0.286
252.270	228.910	0.850	0.286
252.830	228.680	0.900	0.286
253.010	228.380	0.950	0.286
114.300	125.350	0.000	0.817
114.500	126.930	0.050	0.817
114.080	127.310	0.100	0.817
115.670	128.080	0.150	0.817
115.850	127.790	0.200	0.817
115.230	127.600	0.250	0.319
115.000	126.170	0.300	0.319
114.840	125.980	0.350	0.319
115.260	126.020	0.400	0.319
115.110	125.430	0.450	0.319
115.230	125.820	0.500	0.319
114.360	125.160	0.550	0.319
115.110	125.580	0.600	0.319
115.360	125.750	0.650	0.319
115.940	126.750	0.700	0.319
115.460	126.460	0.750	0.319
116.350	126.650	0.800	0.319
116.440	126.850	0.850	0.319
116.690	127.050	0.900	0.319
115.670	127.510	0.950	0.319
198.100	220.010	0.000	0.359
198.390	218.470	0.050	0.359
197.300	219.440	0.100	0.359
197.520	219.090	0.150	0.359
197.060	220.080	0.200	0.359
197.030	219.650	0.250	0.119
196.770	220.380	0.300	0.119
196.640	221.070	0.350	0.119
196.970	220.990	0.400	0.119
197.510	221.120	0.450	0.119
196.610	220.910	0.500	0.119
197.170	220.940	0.550	0.119
197.370	221.350	0.600	0.119
196.920	221.490	0.650	0.119
196.910	220.730	0.700	0.119
197.490	221.480	0.750	0.119
197.070	219.720	0.800	0.119
197.540	220.480	0.850	0.119
197.460	220.740	0.900	0.119
197.180	220.490	0.950	0.119
174.390	111.610	0.000	0.703
174.560	110.800	0.050	0.703
174.040	111.100	0.100	0.703
173.150	111.370	0.150	0.703
172.830	110.810	0.200	0.703
173.110	110.530	0.250	1.863
173.620	110.490	0.300	1.863
173.360	110.170	0.350	1.863
173.510	110.100	0.400	1.863
173.700	110.610	0.450	1.863
173.140	110.520	0.500	1.863
172.690	110.090	0.550	1.863
172.760	109.510	0.600	1.863
173.410	109.350	0.650	1.863
173.000	109.230	0.700	1.863
172.670	109.810	0.750	1.863
172.910	109.890	0.800	1.863
171.790	108.480	0.850	1.863
172.150	108.430	0.900	1.863
172.410	108.770	0.950	1.863
226.480	100.040	0.000	0.752
226.780	100.440	0.050	0.752
226.920	99.129	0.100	0.752
227.860	98.916	0.150	0.752
228.300	98.740	0.200	0.752
228.440	99.073	0.250	1.331
227.990	99.284	0.300	1.331
228.980	99.707	0.350	1.331
228.800	99.637	0.400	1.331
228.420	100.050	0.450	1.331
229.570	100.700	0.500	1.331
229.170	99.940	0.550	1.331
229.020	99.812	0.600	1.331
228.840	99.360	0.650	1.331
229.170	99.430	0.700	1.331
229.880	99.867	0.750	1.331
229.650	99.535	0.800	1.331
229.140	99.465	0.850	1.331
229.480	99.774	0.900	1.331
229.400	100.650	0.950	1.331
144.490	211.640	0.000	0.234
144.210	212.060	0.050	0.234
144.920	211.880	0.100	0.234
145.320	212.090	0.150	0.234
144.810	212.050	0.200	0.234
144.610	211.040	0.250	0.465
145.130	212.720	0.300	0.465
145.580	212.830	0.350	0.465
145.250	211.870	0.400	0.465
146.280	212.710	0.450	0.465
145.450	213.400	0.500	0.465
145.150	213.840	0.550	0.465
144.990	212.860	0.600	0.465
145.220	212.940	0.650	0.465
144.790	212.930	0.700	0.465
145.120	212.420	0.750	0.465
145.240	213.200	0.800	0.465
145.120	212.130	0.850	0.465
146.300	213.040	0.900	0.465
145.920	212.750	0.950	0.465
260.360	229.290	0.000	0.540
261.610	229.020	0.050	0.540
262.000	228.250	0.100	0.540
262.150	228.430	0.150	0.540
262.690	228.890	0.200	0.540
262.480	229.450	0.250	1.263
261.890	228.940	0.300	1.263
262.370	228.840	0.350	1.263
262.150	228.610	0.400	1.263
261.810	228.840	0.450	1.263
262.010	228.960	0.500	1.263
262.190	228.410	0.550	1.263
262.200	228.770	0.600	1.263
262.570	228.850	0.650	1.263
262.280	228.870	0.700	1.263
263.510	228.170	0.750	1.263
263.120	228.230	0.800	1.263
262.970	228.270	0.850	1.263
262.880	227.830	0.900	1.263
262.020	228.850	0.950	1.263
196.470	97.353	0.000	0.146
196.050	97.692	0.050	0.146
196.340	96.800	0.100	0.146
195.750	97.637	0.150	0.146
195.960	97.271	0.200	0.146
196.020	97.434	0.250	-0.548
196.420	97.852	0.300	-0.548
196.680	98.134	0.350	-0.548
195.860	96.788	0.400	-0.548
196.200	97.845	0.450	-0.548
197.030	98.328	0.500	-0.548
196.790	98.822	0.550	-0.548
197.220	98.078	0.600	-0.548
197.210	98.404	0.650	-0.548
197.290	97.917	0.700	-0.548
197.100	97.993	0.750	-0.548
197.490	97.860	0.800	-0.548
197.550	98.557	0.850	-0.548
197.400	98.131	0.900	-0.548
196.630	97.446	0.950	-0.548
159.080	231.840	0.000	0.126
158.690	232.560	0.050	0.126
158.710	232.250	0.100	0.126
158.500	231.900	0.150	0.126
157.700	232.260	0.200	0.126
158.260	232.100	0.250	0.607
157.690	232.660	0.300	0.607
158.420	232.160	0.350	0.607
157.950	232.470	0.400	0.607
158.870	232.380	0.450	0.607
158.840	231.990	0.500	0.607
157.800	232.080	0.550	0.607
157.450	232.820	0.600	0.607
158.540	232.720	0.650	0.607
157.540	232.820	0.700	0.607
158.070	232.740	0.750	0.607
159.030	231.740	0.800	0.607
157.940	233.150	0.850	0.607
158.680	232.980	0.900	0.607
158.050	233.110	0.950	0.607
224.520	143.020	0.000	0.648
224.090	143.030	0.050	0.648
224.700	142.980	0.100	0.648
225.330	143.170	0.150	0.648
225.420	142.360	0.200	0.648
224.910	143.050	0.250	0.752
223.970	143.510	0.300	0.752
223.760	143.460	0.350	0.752
224.370	143.770	0.400	0.752
224.760	143.220	0.450	0.752
224.630	143.110	0.500	0.752
225.340	143.700	0.550	0.752
225.420	142.840	0.600	0.752
224.620	143.760	0.650	0.752
224.730	143.170	0.700	0.752
224.670	143.780	0.750	0.752
223.790	143.920	0.800	0.752
224.330	144.700	0.850	0.752
224.350	144.200	0.900	0.752
224.590	144.520	0.950	0.752
246.220	235.650	0.000	0.866
246.390	234.520	0.050	0.866
246.320	234.760	0.100	0.866
246.050	234.660	0.150	0.866
246.220	233.510	0.200	0.866
246.850	234.710	0.250	1.163
245.910	235.410	0.300	1.163
246.030	236.660	0.350	1.163
246.000	236.070	0.400	1.163
246.240	236.780	0.450	1.163
247.180	237.560	0.500	1.163
247.280	237.860	0.550	1.163
247.190	237.140	0.600	1.163
247.570	237.730	0.650	1.163
246.940	238.250	0.700	1.163
247.670	237.550	0.750	1.163
247.390	238.040	0.800	1.163
247.360	238.160	0.850	1.163
247.380	238.820	0.900	1.163
246.820	238.860	0.950	1.163
88.287	149.050	0.000	0.841
90.047	149.630	0.050	0.841
89.439	149.120	0.100	0.841
90.671	149.580	0.150	0.841
90.906	148.460	0.200	0.841
90.787	148.670	0.250	-1.381
91.613	148.510	0.300	-1.381
91.810	149.050	0.350	-1.381
91.539	149.610	0.400	-1.381
90.962	150.450	0.450	-1.381
89.574	149.460	0.500	-1.381
89.865	149.840	0.550	-1.381
89.391	150.260	0.600	-1.381
88.452	150.310	0.650	-1.381
88.686	149.310	0.700	-1.381
89.390	149.680	0.750	-1.381
89.408	149.160	0.800	-1.381
89.018	148.640	0.850	-1.381
89.169	149.450	0.900	-1.381
89.550	149.520	0.950	-1.381
173.540	276.430	0.000	0.486
173.340	276.890	0.050	0.486
173.120	276.510	0.100	0.486
173.230	276.770	0.150	0.486
172.820	276.440	0.200	0.486
172.810	276.440	0.250	1.067
173.430	275.900	0.300	1.067
172.610	275.630	0.350	1.067
173.540	276.100	0.400	1.067
172.670	276.440	0.450	1.067
172.520	276.710	0.500	1.067
171.790	275.940	0.550	1.067
171.590	275.650	0.600	1.067
171.920	276.900	0.650	1.067
171.410	275.430	0.700	1.067
172.330	275.300	0.750	1.067
172.630	275.340	0.800	1.067
172.120	275.700	0.850	1.067
171.550	276.040	0.900	1.067
171.350	275.820	0.950	1.067
258.470	199.010	0.000	0.593
258.080	199.420	0.050	0.593
258.700	199.090	0.100	0.593
258.270	200.000	0.150	0.593
258.870	200.310	0.200	0.593
258.450	200.270	0.250	0.301
258.710	200.520	0.300	0.301
257.990	200.720	0.350	0.301
258.150	199.920	0.400	0.301
259.110	200.440	0.450	0.301
259.710	199.850	0.500	0.301
258.840	199.940	0.550	0.301
259.580	199.270	0.600	0.301
258.870	199.070	0.650	0.301
258.920	199.120	0.700	0.301
258.630	199.420	0.750	0.301
259.210	199.610	0.800	0.301
259.160	199.290	0.850	0.301
260.280	199.380	0.900	0.301
259.710	199.270	0.950	0.301
174.620	73.937	0.000	0.791
174.140	73.924	0.050	0.791
174.380	72.474	0.100	0.791
174.300	71.536	0.150	0.791
173.470	72.127	0.200	0.791
172.090	71.932	0.250	-0.597
172.520	71.821	0.300	-0.597
172.940	71.839	0.350	-0.597
172.890	72.692	0.400	-0.597
173.160	72.607	0.450	-0.597
174.300	71.560	0.500	-0.597
173.520	72.909	0.550	-0.597
173.400	73.054	0.600	-0.597
173.230	72.455	0.650	-0.597
173.870	72.737	0.700	-0.597
173.830	72.397	0.750	-0.597
174.090	72.627	0.800	-0.597
174.280	73.639	0.850	-0.597
174.960	74.255	0.900	-0.597
175.360	73.882	0.950	-0.597
196.270	278.440	0.000	0.847
196.080	277.930	0.050	0.847
196.920	278.010	0.100	0.847
197.590	278.360	0.150	0.847
197.330	278.910	0.200	0.847
196.720	278.190	0.250	0.377
196.470	277.420	0.300	0.377
196.210	277.940	0.350	0.377
195.980	277.880	0.400	0.377
196.010	278.040	0.450	0.377
195.870	278.350	0.500	0.377
195.560	278.270	0.550	0.377
194.770	277.620	0.600	0.377
194.470	277.990	0.650	0.377
194.780	277.700	0.700	0.377
194.370	278.360	0.750	0.377
194.630	278.820	0.800	0.377
194.580	278.180	0.850	0.377
194.990	278.290	0.900	0.377
195.170	277.740	0.950	0.377
95.517	157.340	0.000	1.106
95.933	156.300	0.050	1.106
95.745	156.450	0.100	1.106
95.566	155.320	0.150	1.106
95.355	155.190	0.200	1.106
95.088	155.330	0.250	0.262
95.072	155.580	0.300	0.262
96.046	156.050	0.350	0.262
95.989	155.530	0.400	0.262
96.547	155.380	0.450	0.262
97.273	154.930	0.500	0.262
96.800	154.890	0.550	0.262
96.359	154.600	0.600	0.262
95.721	154.770	0.650	0.262
95.354	155.370	0.700	0.262
94.985	155.480	0.750	0.262
95.299	155.640	0.800	0.262
96.043	155.950	0.850	0.262
96.073	155.250	0.900	0.262
95.557	154.880	0.950	0.262
173.430	65.202	0.000	0.692
172.590	65.040	0.050	0.692
172.140	64.581	0.100	0.692
173.950	64.987	0.150	0.692
175.060	65.402	0.200	0.692
174.460	65.685	0.250	0.742
174.130	65.855	0.300	0.742
174.170	66.004	0.350	0.742
174.580	65.784	0.400	0.742
174.830	65.854	0.450	0.742
174.760	66.206	0.500	0.742
174.920	65.701	0.550	0.742
174.340	65.173	0.600	0.742
174.670	65.365	0.650	0.742
174.880	66.575	0.700	0.742
175.700	66.217	0.750	0.742
174.700	64.935	0.800	0.742
175.580	64.144	0.850	0.742
175.210	63.892	0.900	0.742
174.410	64.121	0.950	0.742
183.000	213.940	0.000	-0.468
183.390	214.270	0.050	-0.468
182.450	214.140	0.100	-0.468
183.200	213.830	0.150	-0.468
182.850	214.470	0.200	-0.468
183.160	214.600	0.250	0.051
182.700	214.140	0.300	0.051
182.620	214.120	0.350	0.051
183.020	214.110	0.400	0.051
183.250	214.600	0.450	0.051
182.470	214.060	0.500	0.051
183.070	214.190	0.550	0.051
182.710	214.290	0.600	0.051
183.210	214.430	0.650	0.051
182.480	214.520	0.700	0.051
183.060	214.050	0.750	0.051
182.750	214.580	0.800	0.051
182.460	214.480	0.850	0.051
182.990	214.650	0.900	0.051
183.290	214.160	0.950	0.051
141.240	189.200	0.000	0.131
141.840	187.910	0.050	0.131
142.320	189.310	0.100	0.131
142.490	190.100	0.150	0.131
142.460	189.190	0.200	0.131
142.730	189.430	0.250	-0.082
143.150	189.380	0.300	-0.082
142.720	189.410	0.350	-0.082
142.830	189.180	0.400	-0.082
142.320	188.220	0.450	-0.082
142.940	189.300	0.500	-0.082
141.690	188.610	0.550	-0.082
142.220	188.970	0.600	-0.082
142.560	188.780	0.650	-0.082
142.130	187.670	0.700	-0.082
142.250	188.960	0.750	-0.082
142.240	188.690	0.800	-0.082
142.400	188.930	0.850	-0.082
142.410	189.070	0.900	-0.082
142.220	188.820	0.950	-0.082
127.220	117.430	0.000	0.540
125.760	117.750	0.050	0.540
126.230	118.000	0.100	0.540
126.220	117.970	0.150	0.540
125.460	117.470	0.200	0.540
126.850	117.670	0.250	0.481
126.850	117.540	0.300	0.481
126.580	118.050	0.350	0.481
126.890	117.860	0.400	0.481
126.710	116.710	0.450	0.481
127.570	116.380	0.500	0.481
128.240	117.190	0.550	0.481
128.490	118.100	0.600	0.481
129.210	117.760	0.650	0.481
128.790	117.590	0.700	0.481
127.870	117.260	0.750	0.481
128.820	118.190	0.800	0.481
129.450	117.680	0.850	0.481
128.740	117.770	0.900	0.481
128.320	117.590	0.950	0.481
169.280	196.780	0.000	0.044
169.910	196.590	0.050	0.044
169.660	196.260	0.100	0.044
169.750	196.480	0.150	0.044
169.640	196.700	0.200	0.044
169.510	196.480	0.250	-0.084
170.050	196.800	0.300	-0.084
169.890	196.480	0.350	-0.084
170.170	196.510	0.400	-0.084
169.720	196.690	0.450	-0.084
169.980	196.630	0.500	-0.084
170.060	196.480	0.550	-0.084
169.960	197.040	0.600	-0.084
169.480	196.560	0.650	-0.084
169.730	197.450	0.700	-0.084
169.870	196.670	0.750	-0.084
169.790	196.460	0.800	-0.084
169.540	196.640	0.850	-0.084
169.840	196.410	0.900	-0.084
169.870	196.850	0.950	-0.084
178.200	211.340	0.000	0.300
177.760	210.700	0.050	0.300
178.430	210.610	0.100	0.300
178.710	210.760	0.150	0.300
177.870	211.000	0.200	0.300
178.300	211.260	0.250	-0.420
178.120	211.080	0.300	-0.420
177.750	211.190	0.350	-0.420
177.200	211.570	0.400	-0.420
177.780	211.250	0.450	-0.420
177.920	211.120	0.500	-0.420
177.990	210.760	0.550	-0.420
177.910	211.100	0.600	-0.420
178.350	211.500	0.650	-0.420
177.930	211.620	0.700	-0.420
178.120	211.220	0.750	-0.420
177.680	210.790	0.800	-0.420
177.930	210.920	0.850	-0.420
177.880	211.300	0.900	-0.420
177.900	211.170	0.950	-0.420
265.690	170.060	0.000	0.623
264.770	169.340	0.050	0.623
264.750	169.000	0.100	0.623
264.870	168.210	0.150	0.623
264.920	168.630	0.200	0.623
264.850	168.920	0.250	-0.308
264.790	169.420	0.300	-0.308
264.640	169.980	0.350	-0.308
265.600	170.090	0.400	-0.308
265.640	170.010	0.450	-0.308
265.650	169.750	0.500	-0.308
264.880	169.590	0.550	-0.308
265.270	169.340	0.600	-0.308
264.740	169.220	0.650	-0.308
264.520	169.380	0.700	-0.308
265.170	169.490	0.750	-0.308
265.320	169.540	0.800	-0.308
264.410	169.070	0.850	-0.308
264.850	168.640	0.900	-0.308
265.550	169.510	0.950	-0.308
225.310	305.220	0.000	0.953
225.700	304.770	0.050	0.953
225.880	304.560	0.100	0.953
226.620	305.260	0.150	0.953
226.470	304.740	0.200	0.953
226.610	304.810	0.250	0.224
226.880	304.230	0.300	0.224
227.010	304.260	0.350	0.224
227.740	304.290	0.400	0.224
227.980	303.730	0.450	0.224
228.160	303.990	0.500	0.224
229.510	303.530	0.550	0.224
229.590	304.660	0.600	0.224
230.250	305.390	0.650	0.224
229.530	305.630	0.700	0.224
229.630	304.780	0.750	0.224
229.130	305.110	0.800	0.224
227.200	305.180	0.850	0.224
228.560	306.010	0.900	0.224
227.460	305.840	0.950	0.224
158.880	168.050	0.000	-0.004
159.080	168.850	0.050	-0.004
159.140	168.950	0.100	-0.004
159.190	168.590	0.150	-0.004
158.860	168.200	0.200	-0.004
159.470	168.260	0.250	0.643
158.760	168.880	0.300	0.643
159.030	168.710	0.350	0.643
158.350	168.090	0.400	0.643
158.840	168.250	0.450	0.643
158.390	168.660	0.500	0.643
158.670	168.050	0.550	0.643
158.820	168.070	0.600	0.643
158.490	168.600	0.650	0.643
158.350	168.100	0.700	0.643
158.490	168.350	0.750	0.643
158.690	167.780	0.800	0.643
158.670	167.800	0.850	0.643
158.460	167.400	0.900	0.643
158.340	167.870	0.950	0.643
179.770	297.790	0.000	0.101
178.610	298.250	0.050	0.101
178.410	298.240	0.100	0.101
179.050	298.070	0.150	0.101
179.260	298.220	0.200	0.101
178.740	298.110	0.250	0.718
178.530	297.630	0.300	0.718
179.410	297.960	0.350	0.718
178.260	298.320	0.400	0.718
178.650	298.580	0.450	0.718
178.430	298.340	0.500	0.718
177.800	298.500	0.550	0.718
178.160	297.950	0.600	0.718
178.460	298.260	0.650	0.718
178.250	298.260	0.700	0.718
178.570	298.740	0.750	0.718
177.950	298.880	0.800	0.718
179.140	299.170	0.850	0.718
178.300	299.290	0.900	0.718
178.830	298.630	0.950	0.718
160.870	65.190	0.000	0.643
161.480	65.579	0.050	0.643
161.090	65.519	0.100	0.643
162.220	65.351	0.150	0.643
161.850	64.855	0.200	0.643
162.340	65.046	0.250	1.580
162.760	64.979	0.300	1.580
162.910	65.199	0.350	1.580
163.810	65.660	0.400	1.580
164.120	65.401	0.450	1.580
162.640	64.497	0.500	1.580
162.680	65.053	0.550	1.580
163.140	64.816	0.600	1.580
163.550	65.775	0.650	1.580
164.800	65.117	0.700	1.580
164.080	65.272	0.750	1.580
164.560	66.677	0.800	1.580
164.330	65.865	0.850	1.580
165.400	66.629	0.900	1.580
164.850	66.411	0.950	1.580
231.570	201.500	0.000	0.650
231.210	202.070	0.050	0.650
230.770	201.670	0.100	0.650
230.780	202.330	0.150	0.650
230.680	202.870	0.200	0.650
231.060	202.670	0.250	-0.976
231.610	202.740	0.300	-0.976
231.790	202.050	0.350	-0.976
231.570	200.900	0.400	-0.976
232.140	201.420	0.450	-0.976
231.260	201.080	0.500	-0.976
230.800	200.950	0.550	-0.976
231.130	202.070	0.600	-0.976
231.610	201.300	0.650	-0.976
231.860	200.500	0.700	-0.976
231.370	201.560	0.750	-0.976
230.810	202.180	0.800	-0.976
231.550	202.210	0.850	-0.976
230.830	201.890	0.900	-0.976
230.990	201.240	0.950	-0.976
254.070	149.150	0.000	0.735
253.790	148.950	0.050	0.735
253.840	149.250	0.100	0.735
254.790	149.960	0.150	0.735
255.150	150.160	0.200	0.735
254.310	149.070	0.250	-0.446
254.510	149.060	0.300	-0.446
254.190	149.000	0.350	-0.446
254.540	148.830	0.400	-0.446
254.410	148.800	0.450	-0.446
254.140	148.990	0.500	-0.446
253.650	148.630	0.550	-0.446
253.860	148.920	0.600	-0.446
253.660	148.970	0.650	-0.446
253.130	148.840	0.700	-0.446
253.490	149.190	0.750	-0.446
253.830	149.890	0.800	-0.446
254.220	149.400	0.850	-0.446
254.500	149.430	0.900	-0.446
254.750	149.960	0.950	-0.446
180.530	57.143	0.000	0.417
180.000	57.997	0.050	0.417
179.340	58.119	0.100	0.417
179.260	58.411	0.150	0.417
179.010	57.664	0.200	0.417
178.760	58.581	0.250	0.534
179.750	59.024	0.300	0.534
179.640	58.750	0.350	0.534
179.410	58.736	0.400	0.534
179.550	59.479	0.450	0.534
179.300	59.180	0.500	0.534
179.670	58.357	0.550	0.534
180.380	58.496	0.600	0.534
179.600	58.095	0.650	0.534
180.060	59.472	0.700	0.534
180.350	59.279	0.750	0.534
180.590	58.893	0.800	0.534
180.150	58.833	0.850	0.534
179.950	58.454	0.900	0.534
180.830	58.738	0.950	0.534
238.360	245.860	0.000	0.521
239.340	245.840	0.050	0.521
238.760	245.540	0.100	0.521
238.640	245.930	0.150	0.521
239.530	246.060	0.200	0.521
238.430	246.060	0.250	-0.466
237.930	246.170	0.300	-0.466
237.250	245.210	0.350	-0.466
237.620	245.620	0.400	-0.466
237.820	246.800	0.450	-0.466
237.960	247.030	0.500	-0.466
238.660	246.250	0.550	-0.466
238.060	245.960	0.600	-0.466
237.510	246.070	0.650	-0.466
237.660	245.580	0.700	-0.466
238.300	245.530	0.750	-0.466
237.720	244.900	0.800	-0.466
237.380	245.250	0.850	-0.466
238.420	245.260	0.900	-0.466
237.980	245.510	0.950	-0.466
160.940	115.040	0.000	0.680
159.760	115.470	0.050	0.680
159.520	117.370	0.100	0.680
159.040	117.490	0.150	0.680
157.970	118.710	0.200	0.680
158.870	117.000	0.250	0.803
157.800	116.670	0.300	0.803
158.160	116.770	0.350	0.803
158.030	115.680	0.400	0.803
157.400	115.350	0.450	0.803
157.710	115.440	0.500	0.803
158.080	116.290	0.550	0.803
157.700	117.100	0.600	0.803
157.460	116.240	0.650	0.803
157.360	115.390	0.700	0.803
157.920	116.120	0.750	0.803
157.340	116.080	0.800	0.803
157.260	115.550	0.850	0.803
157.880	114.990	0.900	0.803
158.660	116.740	0.950	0.803
163.440	300.160	0.000	0.562
164.230	300.360	0.050	0.562
164.000	301.000	0.100	0.562
165.040	300.760	0.150	0.562
164.070	300.280	0.200	0.562
165.240	301.850	0.250	0.224
165.580	301.510	0.300	0.224
163.910	300.810	0.350	0.224
164.330	302.110	0.400	0.224
164.560	301.590	0.450	0.224
164.170	302.520	0.500	0.224
164.710	301.970	0.550	0.224
164.430	302.730	0.600	0.224
163.480	303.430	0.650	0.224
163.920	303.930	0.700	0.224
163.030	303.560	0.750	0.224
163.230	303.340	0.800	0.224
162.650	302.430	0.850	0.224
163.090	302.260	0.900	0.224
164.420	301.580	0.950	0.224
265.440	181.570	0.000	0.466
266.440	180.850	0.050	0.466
266.240	180.330	0.100	0.466
265.420	179.950	0.150	0.466
264.840	179.790	0.200	0.466
265.130	179.860	0.250	0.553
264.270	180.530	0.300	0.553
265.310	180.040	0.350	0.553
265.770	180.680	0.400	0.553
264.940	180.520	0.450	0.553
264.930	180.350	0.500	0.553
265.790	180.010	0.550	0.553
265.930	180.440	0.600	0.553
265.450	180.080	0.650	0.553
265.210	180.400	0.700	0.553
265.180	179.600	0.750	0.553
264.580	179.810	0.800	0.553
265.100	180.400	0.850	0.553
265.480	180.690	0.900	0.553
265.300	180.110	0.950	0.553
198.570	216.370	0.000	0.322
197.470	217.010	0.050	0.322
198.650	216.720	0.100	0.322
198.900	216.590	0.150	0.322
199.100	216.400	0.200	0.322
198.820	216.190	0.250	0.912
199.580	216.680	0.300	0.912
199.570	216.650	0.350	0.912
199.470	216.770	0.400	0.912
199.490	216.940	0.450	0.912
199.030	217.160	0.500	0.912
199.170	216.430	0.550	0.912
199.350	216.460	0.600	0.912
199.150	216.540	0.650	0.912
199.280	216.580	0.700	0.912
199.080	216.620	0.750	0.912
199.570	217.140	0.800	0.912
199.970	216.570	0.850	0.912
199.580	216.760	0.900	0.912
199.390	216.580	0.950	0.912
212.050	163.100	0.000	0.611
211.400	163.110	0.050	0.611
212.530	164.270	0.100	0.611
211.180	164.590	0.150	0.611
211.570	164.370	0.200	0.611
211.980	163.800	0.250	0.817
211.550	163.400	0.300	0.817
212.070	163.650	0.350	0.817
212.690	164.230	0.400	0.817
211.940	163.790	0.450	0.817
213.220	165.310	0.500	0.817
212.830	165.730	0.550	0.817
212.380	166.200	0.600	0.817
212.030	166.660	0.650	0.817
213.120	165.730	0.700	0.817
212.400	166.430	0.750	0.817
213.460	166.280	0.800	0.817
213.310	166.110	0.850	0.817
212.700	166.060	0.900	0.817
212.290	165.550	0.950	0.817
145.060	129.840	0.000	0.613
144.690	131.260	0.050	0.613
145.480	129.640	0.100	0.613
144.480	129.410	0.150	0.613
144.360	128.010	0.200	0.613
144.570	129.010	0.250	1.589
144.760	127.820	0.300	1.589
144.540	128.290	0.350	1.589
145.130	128.160	0.400	1.589
144.680	128.450	0.450	1.589
145.170	127.640	0.500	1.589
145.180	126.670	0.550	1.589
145.220	126.740	0.600	1.589
145.700	126.090	0.650	1.589
145.410	125.820	0.700	1.589
145.180	126.210	0.750	1.589
145.070	126.000	0.800	1.589
145.830	125.620	0.850	1.589
144.880	126.030	0.900	1.589
144.860	125.900	0.950	1.589
192.600	132.040	0.000	0.636
192.850	131.300	0.050	0.636
192.930	131.240	0.100	0.636
192.440	131.590	0.150	0.636
191.980	132.630	0.200	0.636
192.230	131.760	0.250	-0.573
192.380	131.720	0.300	-0.573
192.560	132.440	0.350	-0.573
192.650	131.960	0.400	-0.573
193.040	132.510	0.450	-0.573
193.230	132.490	0.500	-0.573
192.990	131.880	0.550	-0.573
192.880	131.620	0.600	-0.573
193.370	131.160	0.650	-0.573
192.700	130.790	0.700	-0.573
192.930	131.190	0.750	-0.573
193.360	131.380	0.800	-0.573
193.390	131.280	0.850	-0.573
193.350	131.940	0.900	-0.573
193.110	131.810	0.950	-0.573
237.140	178.950	0.000	0.623
239.390	178.030	0.050	0.623
238.830	178.100	0.100	0.623
238.270	177.760	0.150	0.623
239.650	177.200	0.200	0.623
242.070	176.900	0.250	1.542
241.590	178.190	0.300	1.542
241.100	177.700	0.350	1.542
240.110	178.760	0.400	1.542
241.150	178.200	0.450	1.542
241.020	177.560	0.500	1.542
240.100	177.720	0.550	1.542
241.580	177.450	0.600	1.542
242.000	177.660	0.650	1.542
242.570	178.040	0.700	1.542
242.730	178.950	0.750	1.542
241.960	177.990	0.800	1.542
242.400	178.000	0.850	1.542
242.220	178.160	0.900	1.542
242.920	178.940	0.950	1.542
238.030	106.940	0.000	0.362
238.120	106.980	0.050	0.362
238.020	106.930	0.100	0.362
237.930	107.270	0.150	0.362
237.600	107.500	0.200	0.362
237.780	107.300	0.250	0.571
238.430	106.900	0.300	0.571
238.210	107.050	0.350	0.571
238.260	107.570	0.400	0.571
238.130	106.900	0.450	0.571
238.280	107.060	0.500	0.571
238.170	106.930	0.550	0.571
238.600	106.610	0.600	0.571
238.310	107.110	0.650	0.571
238.130	107.200	0.700	0.571
238.400	106.950	0.750	0.571
238.230	106.130	0.800	0.571
237.720	105.350	0.850	0.571
238.560	106.140	0.900	0.571
238.680	106.740	0.950	0.571
177.660	166.250	0.000	0.072
178.230	165.990	0.050	0.072
178.300	166.130	0.100	0.072
177.990	166.230	0.150	0.072
178.080	167.160	0.200	0.072
178.140	166.150	0.250	0.321
178.490	167.410	0.300	0.321
177.830	165.670	0.350	0.321
178.340	167.520	0.400	0.321
177.760	167.200	0.450	0.321
178.040	167.340	0.500	0.321
177.160	167.130	0.550	0.321
177.780	167.040	0.600	0.321
177.460	167.050	0.650	0.321
177.680	166.690	0.700	0.321
178.360	166.620	0.750	0.321
177.870	166.640	0.800	0.321
177.600	167.190	0.850	0.321
177.880	167.360	0.900	0.321
178.150	167.450	0.950	0.321
146.190	134.960	0.000	0.467
145.880	134.380	0.050	0.467
145.860	134.990	0.100	0.467
145.700	134.610	0.150	0.467
145.830	135.020	0.200	0.467
145.960	134.560	0.250	0.392
146.140	133.920	0.300	0.392
146.130	134.390	0.350	0.392
145.560	134.730	0.400	0.392
146.240	135.110	0.450	0.392
147.330	135.160	0.500	0.392
146.930	135.060	0.550	0.392
147.220	135.750	0.600	0.392
146.730	135.290	0.650	0.392
146.240	135.610	0.700	0.392
145.960	135.120	0.750	0.392
146.470	136.050	0.800	0.392
146.350	135.110	0.850	0.392
146.210	135.260	0.900	0.392
147.310	135.950	0.950	0.392
214.920	249.020	0.000	0.607
215.350	249.480	0.050	0.607
215.480	248.870	0.100	0.607
215.150	248.820	0.150	0.607
215.180	248.480	0.200	0.607
215.820	248.510	0.250	0.704
215.560	248.690	0.300	0.704
215.520	247.920	0.350	0.704
216.000	249.000	0.400	0.704
216.510	248.320	0.450	0.704
216.240	248.520	0.500	0.704
215.680	249.690	0.550	0.704
215.130	249.530	0.600	0.704
214.990	249.270	0.650	0.704
215.710	248.480	0.700	0.704
215.840	249.440	0.750	0.704
216.150	249.280	0.800	0.704
215.710	249.510	0.850	0.704
215.220	250.080	0.900	0.704
214.890	251.330	0.950	0.704
268.260	266.660	0.000	0.393
268.500	267.160	0.050	0.393
268.160	267.480	0.100	0.393
268.410	267.090	0.150	0.393
269.100	267.810	0.200	0.393
268.930	267.400	0.250	0.472
268.640	267.440	0.300	0.472
268.030	265.910	0.350	0.472
268.520	266.180	0.400	0.472
268.810	267.150	0.450	0.472
268.400	266.640	0.500	0.472
268.370	266.640	0.550	0.472
269.000	266.650	0.600	0.472
268.100	266.710	0.650	0.472
267.980	266.830	0.700	0.472
269.020	266.170	0.750	0.472
269.880	266.180	0.800	0.472
269.900	266.660	0.850	0.472
269.000	266.000	0.900	0.472
269.000	266.000	0.950	0.472
192.580	145.640	0.000	1.008
193.490	144.620	0.050	1.008
194.600	142.760	0.100	1.008
195.480	142.670	0.150	1.008
195.660	142.720	0.200	1.008
195.320	142.680	0.250	0.644
195.910	142.460	0.300	0.644
196.230	143.050	0.350	0.644
195.700	142.900	0.400	0.644
195.080	142.950	0.450	0.644
195.200	142.720	0.500	0.644
195.010	142.920	0.550	0.644
194.790	142.730	0.600	0.644
195.180	143.300	0.650	0.644
195.740	143.940	0.700	0.644
195.250	144.180	0.750	0.644
195.650	143.900	0.800	0.644
195.070	143.980	0.850	0.644
195.020	143.660	0.900	0.644
194.790	143.650	0.950	0.644
244.610	214.330	0.000	0.981
244.210	214.260	0.050	0.981
243.590	214.760	0.100	0.981
242.760	215.090	0.150	0.981
243.220	214.780	0.200	0.981
243.200	215.480	0.250	1.212
242.630	216.440	0.300	1.212
244.220	215.760	0.350	1.212
244.730	216.150	0.400	1.212
244.510	215.920	0.450	1.212
244.160	216.780	0.500	1.212
244.290	216.940	0.550	1.212
243.730	217.290	0.600	1.212
243.870	218.490	0.650	1.212
244.050	217.690	0.700	1.212
245.060	217.770	0.750	1.212
245.990	216.770	0.800	1.212
246.030	216.740	0.850	1.212
245.960	218.000	0.900	1.212
245.930	217.700	0.950	1.212
234.010	264.660	0.000	0.324
234.050	264.460	0.050	0.324
233.590	264.860	0.100	0.324
234.160	264.890	0.150	0.324
234.930	264.760	0.200	0.324
234.190	264.450	0.250	-0.607
234.830	265.150	0.300	-0.607
234.300	264.010	0.350	-0.607
234.150	264.310	0.400	-0.607
233.840	264.340	0.450	-0.607
233.110	264.020	0.500	-0.607
233.480	263.810	0.550	-0.607
232.900	263.890	0.600	-0.607
232.770	264.890	0.650	-0.607
232.750	264.400	0.700	-0.607
233.550	264.030	0.750	-0.607
233.770	264.850	0.800	-0.607
233.520	264.350	0.850	-0.607
233.060	264.540	0.900	-0.607
234.670	263.940	0.950	-0.607
130.800	175.790	0.000	0.116
129.970	176.040	0.050	0.116
130.640	175.580	0.100	0.116
129.790	175.630	0.150	0.116
129.210	174.990	0.200	0.116
130.170	175.340	0.250	-0.790
129.860	174.800	0.300	-0.790
129.380	175.600	0.350	-0.790
130.040	175.000	0.400	-0.790
129.530	174.570	0.450	-0.790
130.630	174.790	0.500	-0.790
129.760	175.570	0.550	-0.790
129.450	174.770	0.600	-0.790
129.850	175.720	0.650	-0.790
130.060	175.530	0.700	-0.790
130.090	175.840	0.750	-0.790
130.450	175.350	0.800	-0.790
130.030	175.800	0.850	-0.790
129.940	175.650	0.900	-0.790
130.190	175.640	0.950	-0.790
107.750	215.390	0.000	0.513
107.070	215.830	0.050	0.513
107.270	215.800	0.100	0.513
106.940	215.300	0.150	0.513
107.270	216.220	0.200	0.513
107.080	215.550	0.250	0.381
107.550	215.610	0.300	0.381
107.800	214.670	0.350	0.381
106.730	215.320	0.400	0.381
106.420	215.170	0.450	0.381
106.500	214.540	0.500	0.381
106.770	214.820	0.550	0.381
107.030	215.520	0.600	0.381
107.010	215.040	0.650	0.381
106.670	215.840	0.700	0.381
106.330	215.390	0.750	0.381
106.220	215.360	0.800	0.381
107.100	216.310	0.850	0.381
107.470	217.110	0.900	0.381
106.760	217.090	0.950	0.381
171.520	274.290	0.000	0.578
171.760	275.420	0.050	0.578
173.200	274.680	0.100	0.578
172.000	273.930	0.150	0.578
171.560	274.690	0.200	0.578
172.350	274.450	0.250	1.070
172.110	275.000	0.300	1.070
172.930	275.450	0.350	1.070
173.290	276.010	0.400	1.070
173.330	275.970	0.450	1.070
173.610	276.160	0.500	1.070
174.080	277.500	0.550	1.070
173.680	276.790	0.600	1.070
173.570	276.770	0.650	1.070
173.620	276.560	0.700	1.070
172.950	276.870	0.750	1.070
173.320	277.390	0.800	1.070
172.630	277.810	0.850	1.070
173.000	277.000	0.900	1.070
173.160	277.480	0.950	1.070
167.600	140.910	0.000	0.325
166.270	141.570	0.050	0.325
167.480	141.900	0.100	0.325
166.130	141.350	0.150	0.325
166.880	141.320	0.200	0.325
166.580	141.520	0.250	-0.448
168.400	140.520	0.300	-0.448
168.000	140.720	0.350	-0.448
167.250	140.360	0.400	-0.448
167.310	141.260	0.450	-0.448
167.640	141.620	0.500	-0.448
166.810	141.110	0.550	-0.448
167.270	142.130	0.600	-0.448
167.180	141.920	0.650	-0.448
167.690	142.530	0.700	-0.448
167.310	142.800	0.750	-0.448
168.340	141.610	0.800	-0.448
167.940	141.700	0.850	-0.448
166.480	141.330	0.900	-0.448
166.730	141.680	0.950	-0.448
91.943	130.210	0.000	0.480
91.588	130.560	0.050	0.480
91.642	130.110	0.100	0.480
92.400	130.040	0.150	0.480
92.283	129.640	0.200	0.480
92.166	130.160	0.250	0.523
92.167	129.650	0.300	0.523
91.901	129.850	0.350	0.523
90.830	130.620	0.400	0.523
92.109	130.410	0.450	0.523
90.768	130.320	0.500	0.523
90.993	130.030	0.550	0.523
90.511	130.210	0.600	0.523
90.066	130.700	0.650	0.523
90.095	130.720	0.700	0.523
90.233	130.350	0.750	0.523
90.492	131.340	0.800	0.523
90.181	131.280	0.850	0.523
90.544	131.360	0.900	0.523
90.454	130.620	0.950	0.523
246.740	236.030	0.000	0.302
246.580	235.290	0.050	0.302
246.010	234.870	0.100	0.302
246.230	235.760	0.150	0.302
246.300	234.620	0.200	0.302
246.240	234.640	0.250	-0.508
246.500	233.360	0.300	-0.508
246.370	235.200	0.350	-0.508
245.980	235.370	0.400	-0.508
245.910	234.540	0.450	-0.508
246.510	234.340	0.500	-0.508
246.210	234.020	0.550	-0.508
246.410	234.480	0.600	-0.508
246.300	234.350	0.650	-0.508
245.760	234.340	0.700	-0.508
246.090	234.620	0.750	-0.508
246.580	235.180	0.800	-0.508
246.390	235.410	0.850	-0.508
246.080	235.400	0.900	-0.508
246.190	235.190	0.950	-0.508
166.810	176.760	0.000	0.175
166.190	177.130	0.050	0.175
166.330	177.470	0.100	0.175
166.820	177.570	0.150	0.175
166.180	177.480	0.200	0.175
166.340	177.380	0.250	0.504
166.380	177.520	0.300	0.504
165.440	177.610	0.350	0.504
166.290	177.940	0.400	0.504
166.200	178.360	0.450	0.504
166.330	178.180	0.500	0.504
165.760	177.850	0.550	0.504
166.060	178.570	0.600	0.504
166.330	178.200	0.650	0.504
166.040	178.060	0.700	0.504
165.900	178.160	0.750	0.504
166.210	178.250	0.800	0.504
166.130	178.540	0.850	0.504
166.220	177.790	0.900	0.504
165.990	177.190	0.950	0.504
238.370	221.650	0.000	0.443
237.600	221.220	0.050	0.443
238.350	221.190	0.100	0.443
238.560	221.490	0.150	0.443
238.910	221.120	0.200	0.443
238.900	221.280	0.250	-0.349
238.370	220.490	0.300	-0.349
238.580	220.590	0.350	-0.349
240.070	222.010	0.400	-0.349
240.080	220.130	0.450	-0.349
238.700	220.380	0.500	-0.349
237.880	221.210	0.550	-0.349
237.430	221.360	0.600	-0.349
237.470	221.620	0.650	-0.349
238.720	222.110	0.700	-0.349
238.940	220.820	0.750	-0.349
238.370	222.300	0.800	-0.349
238.730	223.010	0.850	-0.349
239.420	222.360	0.900	-0.349
239.460	221.090	0.950	-0.349
245.300	271.440	0.000	0.471
245.520	272.500	0.050	0.471
245.620	270.720	0.100	0.471
245.450	270.040	0.150	0.471
244.900	270.070	0.200	0.471
245.930	270.360	0.250	0.180
246.130	271.680	0.300	0.180
246.210	270.670	0.350	0.180
246.380	271.050	0.400	0.180
246.260	271.540	0.450	0.180
245.780	269.860	0.500	0.180
246.350	269.630	0.550	0.180
246.820	269.870	0.600	0.180
246.380	270.420	0.650	0.180
246.400	270.040	0.700	0.180
246.010	269.600	0.750	0.180
245.310	269.340	0.800	0.180
245.670	270.470	0.850	0.180
246.030	270.300	0.900	0.180
245.840	270.730	0.950	0.180
262.610	228.270	0.000	0.843
262.000	228.100	0.050	0.843
261.530	228.140	0.100	0.843
261.310	228.370	0.150	0.843
261.410	229.900	0.200	0.843
261.100	229.470	0.250	0.901
259.900	229.550	0.300	0.901
260.630	230.180	0.350	0.901
261.180	229.950	0.400	0.901
261.330	228.990	0.450	0.901
261.630	229.320	0.500	0.901
261.810	229.490	0.550	0.901
261.620	228.720	0.600	0.901
261.520	229.240	0.650	0.901
260.910	230.610	0.700	0.901
260.900	230.650	0.750	0.901
260.700	230.600	0.800	0.901
261.540	230.610	0.850	0.901
260.810	229.960	0.900	0.901
260.880	229.740	0.950	0.901
157.900	233.480	0.000	-0.132
158.060	233.970	0.050	-0.132
158.200	234.060	0.100	-0.132
157.910	233.320	0.150	-0.132
157.540	233.310	0.200	-0.132
158.270	234.210	0.250	-0.191
157.230	233.520	0.300	-0.191
157.340	233.820	0.350	-0.191
157.170	234.270	0.400	-0.191
157.720	233.260	0.450	-0.191
157.320	233.420	0.500	-0.191
157.210	233.820	0.550	-0.191
157.440	233.610	0.600	-0.191
157.630	234.090	0.650	-0.191
157.000	233.440	0.700	-0.191
157.530	233.930	0.750	-0.191
157.470	233.040	0.800	-0.191
157.760	233.650	0.850	-0.191
157.260	234.210	0.900	-0.191
157.850	233.990	0.950	-0.191
178.710	109.340	0.000	0.818
178.020	109.710	0.050	0.818
178.790	110.740	0.100	0.818
178.250	111.370	0.150	0.818
177.590	110.500	0.200	0.818
178.070	110.400	0.250	0.290
177.990	109.540	0.300	0.290
178.180	109.350	0.350	0.290
178.410	109.820	0.400	0.290
178.620	110.690	0.450	0.290
178.550	110.310	0.500	0.290
178.520	111.420	0.550	0.290
177.520	111.250	0.600	0.290
177.300	111.620	0.650	0.290
177.910	111.290	0.700	0.290
177.980	111.790	0.750	0.290
177.920	111.610	0.800	0.290
178.430	110.880	0.850	0.290
178.720	111.100	0.900	0.290
178.530	110.960	0.950	0.290
165.460	80.884	0.000	0.745
165.350	80.473	0.050	0.745
165.970	79.527	0.100	0.745
166.040	79.188	0.150	0.745
165.630	79.295	0.200	0.745
165.970	78.085	0.250	0.267
166.110	78.384	0.300	0.267
165.850	79.416	0.350	0.267
166.350	79.329	0.400	0.267
166.310	79.672	0.450	0.267
166.230	79.424	0.500	0.267
165.480	80.021	0.550	0.267
166.030	80.285	0.600	0.267
166.030	80.444	0.650	0.267
166.200	80.185	0.700	0.267
166.300	80.353	0.750	0.267
166.630	80.944	0.800	0.267
166.490	81.052	0.850	0.267
167.100	81.008	0.900	0.267
166.900	79.731	0.950	0.267
126.290	140.360	0.000	0.249
126.250	139.980	0.050	0.249
127.280	140.100	0.100	0.249
127.680	139.980	0.150	0.249
127.390	140.080	0.200	0.249
126.460	140.230	0.250	-0.632
126.980	140.150	0.300	-0.632
126.840	140.280	0.350	-0.632
127.280	140.020	0.400	-0.632
126.090	140.010	0.450	-0.632
126.290	139.840	0.500	-0.632
126.900	139.620	0.550	-0.632
126.880	139.770	0.600	-0.632
126.610	139.730	0.650	-0.632
127.210	140.420	0.700	-0.632
126.550	140.380	0.750	-0.632
126.510	140.640	0.800	-0.632
127.280	140.890	0.850	-0.632
126.560	140.470	0.900	-0.632
126.040	140.200	0.950	-0.632
176.660	122.730	0.000	0.611
176.610	122.110	0.050	0.611
175.840	122.720	0.100	0.611
176.140	123.300	0.150	0.611
175.580	124.150	0.200	0.611
176.730	123.420	0.250	0.553
175.900	123.870	0.300	0.553
175.300	123.100	0.350	0.553
175.510	123.110	0.400	0.553
175.780	123.930	0.450	0.553
175.530	124.290	0.500	0.553
175.750	124.270	0.550	0.553
175.650	123.230	0.600	0.553
175.350	123.090	0.650	0.553
175.700	122.860	0.700	0.553
176.540	123.190	0.750	0.553
176.890	123.040	0.800	0.553
175.800	123.110	0.850	0.553
174.940	123.420	0.900	0.553
174.910	123.380	0.950	0.553
130.780	86.040	0.000	0.606
130.920	85.788	0.050	0.606
131.910	85.831	0.100	0.606
131.040	85.566	0.150	0.606
130.590	85.541	0.200	0.606
131.060	85.241	0.250	0.845
131.670	84.774	0.300	0.845
131.480	85.411	0.350	0.845
131.540	85.072	0.400	0.845
130.650	86.075	0.450	0.845
131.470	85.841	0.500	0.845
131.920	86.305	0.550	0.845
132.030	85.949	0.600	0.845
132.300	85.635	0.650	0.845
131.270	85.307	0.700	0.845
131.660	85.049	0.750	0.845
131.970	84.762	0.800	0.845
131.930	84.429	0.850	0.845
132.080	84.741	0.900	0.845
132.310	84.475	0.950	0.845
164.080	256.120	0.000	1.176
162.830	256.170	0.050	1.176
162.590	255.540	0.100	1.176
162.510	255.750	0.150	1.176
162.670	255.950	0.200	1.176
162.180	256.250	0.250	1.363
160.760	256.040	0.300	1.363
158.840	256.050	0.350	1.363
157.990	255.840	0.400	1.363
158.340	255.760	0.450	1.363
158.550	255.560	0.500	1.363
159.060	256.070	0.550	1.363
158.490	256.150	0.600	1.363
157.140	255.510	0.650	1.363
157.660	256.420	0.700	1.363
157.640	255.100	0.750	1.363
157.060	255.100	0.800	1.363
157.250	255.580	0.850	1.363
157.320	255.060	0.900	1.363
158.350	255.180	0.950	1.363
194.460	265.400	0.000	0.255
193.930	265.120	0.050	0.255
194.590	264.930	0.100	0.255
194.580	265.500	0.150	0.255
194.920	266.310	0.200	0.255
195.010	265.750	0.250	-0.094
194.530	266.560	0.300	-0.094
194.730	265.310	0.350	-0.094
194.730	264.650	0.400	-0.094
195.120	265.580	0.450	-0.094
194.850	265.000	0.500	-0.094
194.410	265.760	0.550	-0.094
194.920	264.820	0.600	-0.094
194.990	265.260	0.650	-0.094
195.210	266.220	0.700	-0.094
194.690	266.240	0.750	-0.094
194.300	265.990	0.800	-0.094
195.530	265.840	0.850	-0.094
194.220	266.090	0.900	-0.094
193.800	265.820	0.950	-0.094
125.930	120.840	0.000	0.384
126.450	120.960	0.050	0.384
126.530	119.470	0.100	0.384
127.460	119.290	0.150	0.384
127.110	119.680	0.200	0.384
127.610	119.500	0.250	0.658
128.510	119.880	0.300	0.658
128.270	119.680	0.350	0.658
128.510	120.460	0.400	0.658
128.780	119.490	0.450	0.658
127.470	120.680	0.500	0.658
128.270	119.510	0.550	0.658
128.130	120.570	0.600	0.658
127.780	119.590	0.650	0.658
128.050	119.350	0.700	0.658
128.190	120.180	0.750	0.658
128.090	119.960	0.800	0.658
128.820	119.910	0.850	0.658
128.220	120.620	0.900	0.658
127.580	120.920	0.950	0.658
229.100	132.740	0.000	0.096
229.020	132.430	0.050	0.096
229.440	133.870	0.100	0.096
229.340	132.520	0.150	0.096
229.730	133.020	0.200	0.096
229.460	131.980	0.250	0.665
230.230	131.710	0.300	0.665
229.350	131.530	0.350	0.665
229.400	131.080	0.400	0.665
229.840	132.040	0.450	0.665
229.880	132.200	0.500	0.665
229.040	131.570	0.550	0.665
229.340	132.100	0.600	0.665
229.490	130.690	0.650	0.665
229.420	131.840	0.700	0.665
228.810	130.990	0.750	0.665
229.320	130.140	0.800	0.665
228.900	131.240	0.850	0.665
228.690	132.410	0.900	0.665
229.230	130.910	0.950	0.665
201.920	316.160	0.000	0.126
201.630	315.390	0.050	0.126
202.220	314.950	0.100	0.126
202.390	315.070	0.150	0.126
201.250	315.670	0.200	0.126
201.520	315.500	0.250	0.828
202.060	315.440	0.300	0.828
202.670	315.390	0.350	0.828
202.270	315.360	0.400	0.828
202.750	315.350	0.450	0.828
202.340	315.030	0.500	0.828
202.520	315.480	0.550	0.828
202.310	315.650	0.600	0.828
201.870	315.250	0.650	0.828
202.230	315.620	0.700	0.828
202.760	315.030	0.750	0.828
202.000	315.000	0.800	0.828
201.900	314.040	0.850	0.828
202.590	314.660	0.900	0.828
202.900	315.490	0.950	0.828
214.050	177.820	0.000	0.670
214.800	178.750	0.050	0.670
214.670	178.800	0.100	0.670
215.110	178.480	0.150	0.670
215.670	178.550	0.200	0.670
215.430	179.170	0.250	-0.021
215.860	178.200	0.300	-0.021
216.480	178.800	0.350	-0.021
217.160	178.560	0.400	-0.021
216.520	177.790	0.450	-0.021
216.260	177.570	0.500	-0.021
215.390	178.090	0.550	-0.021
216.380	178.130	0.600	-0.021
216.730	177.650	0.650	-0.021
216.540	177.760	0.700	-0.021
216.450	178.370	0.750	-0.021
215.750	178.020	0.800	-0.021
215.690	178.590	0.850	-0.021
215.540	177.990	0.900	-0.021
215.440	178.100	0.950	-0.021
177.600	206.690	0.000	0.462
177.500	206.250	0.050	0.462
178.120	206.140	0.100	0.462
178.310	205.780	0.150	0.462
178.580	205.440	0.200	0.462
177.760	205.270	0.250	-0.564
177.280	205.160	0.300	-0.564
178.230	205.260	0.350	-0.564
177.580	205.270	0.400	-0.564
177.670	205.590	0.450	-0.564
176.920	205.150	0.500	-0.564
177.210	205.240	0.550	-0.564
176.840	205.360	0.600	-0.564
178.030	206.100	0.650	-0.564
177.710	206.710	0.700	-0.564
176.370	206.120	0.750	-0.564
177.110	205.240	0.800	-0.564
177.450	206.050	0.850	-0.564
178.240	206.140	0.900	-0.564
178.190	205.830	0.950	-0.564
113.570	196.310	0.000	0.200
113.330	196.440	0.050	0.200
113.040	196.700	0.100	0.200
113.580	195.920	0.150	0.200
114.630	195.670	0.200	0.200
113.520	195.340	0.250	0.385
113.830	196.200	0.300	0.385
113.760	195.320	0.350	0.385
114.180	195.760	0.400	0.385
114.080	196.560	0.450	0.385
114.390	195.150	0.500	0.385
114.360	196.620	0.550	0.385
114.180	196.900	0.600	0.385
115.160	196.790	0.650	0.385
115.720	196.130	0.700	0.385
114.810	196.010	0.750	0.385
115.040	196.700	0.800	0.385
115.260	196.140	0.850	0.385
114.250	196.180	0.900	0.385
114.710	197.130	0.950	0.385
151.390	200.430	0.000	0.461
152.070	199.710	0.050	0.461
151.960	199.280	0.100	0.461
151.760	199.300	0.150	0.461
152.460	199.920	0.200	0.461
153.220	199.560	0.250	0.124
153.460	199.120	0.300	0.124
153.540	198.890	0.350	0.124
152.840	199.910	0.400	0.124
152.730	199.510	0.450	0.124
153.050	198.820	0.500	0.124
153.430	198.960	0.550	0.124
153.350	199.140	0.600	0.124
153.460	198.670	0.650	0.124
153.450	199.100	0.700	0.124
153.500	199.070	0.750	0.124
151.910	199.370	0.800	0.124
152.460	200.000	0.850	0.124
151.720	198.820	0.900	0.124
152.860	199.360	0.950	0.124
200.680	162.330	0.000	0.641
200.660	163.060	0.050	0.641
200.260	163.430	0.100	0.641
200.980	163.920	0.150	0.641
200.790	163.620	0.200	0.641
199.230	163.230	0.250	1.009
198.810	163.440	0.300	1.009
198.540	164.260	0.350	1.009
198.840	164.020	0.400	1.009
198.020	163.050	0.450	1.009
197.830	163.730	0.500	1.009
198.430	164.030	0.550	1.009
197.780	163.050	0.600	1.009
197.770	163.230	0.650	1.009
199.320	163.410	0.700	1.009
198.680	162.720	0.750	1.009
198.590	162.550	0.800	1.009
198.540	163.070	0.850	1.009
197.720	163.210	0.900	1.009
197.670	164.620	0.950	1.009
118.100	128.190	0.000	0.216
117.580	127.700	0.050	0.216
116.550	127.150	0.100	0.216
118.260	127.820	0.150	0.216
116.740	126.980	0.200	0.216
117.130	127.130	0.250	0.519
117.250	128.840	0.300	0.519
117.070	128.770	0.350	0.519
117.010	128.280	0.400	0.519
116.510	128.600	0.450	0.519
116.100	128.910	0.500	0.519
115.720	128.700	0.550	0.519
116.400	128.160	0.600	0.519
115.980	127.860	0.650	0.519
115.960	128.770	0.700	0.519
116.040	128.050	0.750	0.519
115.910	128.420	0.800	0.519
115.450	128.000	0.850	0.519
116.510	127.260	0.900	0.519
116.290	127.770	0.950	0.519
105.000	104.000	0.000	0.901
104.300	104.230	0.050	0.901
105.030	104.500	0.100	0.901
104.970	104.410	0.150	0.901
104.000	105.000	0.200	0.901
103.550	105.330	0.250	0.803
102.790	105.270	0.300	0.803
103.870	104.580	0.350	0.803
103.470	104.600	0.400	0.803
103.830	103.780	0.450	0.803
102.730	104.210	0.500	0.803
103.000	103.000	0.550	0.803
103.750	102.730	0.600	0.803
103.040	101.890	0.650	0.803
104.000	103.000	0.700	0.803
104.060	102.770	0.750	0.803
104.000	102.470	0.800	0.803
102.440	103.160	0.850	0.803
101.370	103.990	0.900	0.803
101.370	104.430	0.950	0.803
127.260	223.510	0.000	0.608
126.540	223.530	0.050	0.608
126.720	224.550	0.100	0.608
127.100	223.820	0.150	0.608
126.970	224.070	0.200	0.608
126.810	224.570	0.250	-0.505
126.560	224.540	0.300	-0.505
127.190	224.920	0.350	-0.505
127.230	225.690	0.400	-0.505
127.000	225.000	0.450	-0.505
126.490	224.480	0.500	-0.505
128.090	224.450	0.550	-0.505
128.020	224.070	0.600	-0.505
127.890	223.390	0.650	-0.505
128.700	223.530	0.700	-0.505
128.580	223.740	0.750	-0.505
127.960	224.360	0.800	-0.505
127.400	224.450	0.850	-0.505
128.070	224.080	0.900	-0.505
126.710	224.620	0.950	-0.505
190.590	254.650	0.000	0.359
191.250	255.040	0.050	0.359
190.730	254.290	0.100	0.359
190.920	254.650	0.150	0.359
190.850	254.140	0.200	0.359
190.440	254.420	0.250	0.582
190.190	254.400	0.300	0.582
190.100	254.570	0.350	0.582
190.170	253.940	0.400	0.582
191.030	253.980	0.450	0.582
189.540	254.190	0.500	0.582
190.610	253.750	0.550	0.582
190.970	254.010	0.600	0.582
190.950	253.890	0.650	0.582
190.520	254.330	0.700	0.582
189.870	253.900	0.750	0.582
189.630	253.920	0.800	0.582
189.540	253.830	0.850	0.582
189.840	254.110	0.900	0.582
190.100	253.980	0.950	0.582
190.350	146.330	0.000	0.861
189.370	146.510	0.050	0.861
190.190	146.890	0.100	0.861
192.250	146.330	0.150	0.861
192.370	146.110	0.200	0.861
192.510	147.570	0.250	-0.941
193.160	147.250	0.300	-0.941
192.620	147.300	0.350	-0.941
193.890	145.800	0.400	-0.941
192.640	145.060	0.450	-0.941
191.830	144.810	0.500	-0.941
190.700	145.660	0.550	-0.941
192.080	144.990	0.600	-0.941
191.420	144.450	0.650	-0.941
189.510	146.200	0.700	-0.941
189.320	146.490	0.750	-0.941
190.010	146.780	0.800	-0.941
191.080	146.230	0.850	-0.941
191.250	146.390	0.900	-0.941
193.000	147.160	0.950	-0.941
110.500	171.270	0.000	0.428
111.090	170.980	0.050	0.428
110.230	170.720	0.100	0.428
110.040	170.810	0.150	0.428
110.020	172.030	0.200	0.428
110.320	171.960	0.250	-1.388
110.810	171.690	0.300	-1.388
109.650	172.640	0.350	-1.388
110.340	172.210	0.400	-1.388
110.250	172.250	0.450	-1.388
108.540	172.380	0.500	-1.388
109.030	172.680	0.550	-1.388
109.000	172.000	0.600	-1.388
108.640	172.050	0.650	-1.388
108.510	171.410	0.700	-1.388
108.310	171.970	0.750	-1.388
110.260	171.320	0.800	-1.388
109.290	172.140	0.850	-1.388
110.760	171.100	0.900	-1.388
110.280	171.480	0.950	-1.388
252.790	228.310	0.000	0.192
252.440	227.640	0.050	0.192
253.300	227.950	0.100	0.192
252.630	227.730	0.150	0.192
252.710	228.380	0.200	0.192
252.030	228.140	0.250	-0.150
252.290	228.040	0.300	-0.150
253.130	228.580	0.350	-0.150
253.300	227.860	0.400	-0.150
252.790	228.490	0.450	-0.150
253.150	228.980	0.500	-0.150
252.840	228.670	0.550	-0.150
252.950	227.900	0.600	-0.150
252.410	227.880	0.650	-0.150
252.820	228.270	0.700	-0.150
253.380	227.990	0.750	-0.150
253.390	228.010	0.800	-0.150
252.700	227.520	0.850	-0.150
252.710	227.950	0.900	-0.150
252.840	227.070	0.950	-0.150
167.810	251.160	0.000	0.734
168.450	251.130	0.050	0.734
167.430	251.930	0.100	0.734
168.000	251.880	0.150	0.734
167.550	251.890	0.200	0.734
166.690	251.330	0.250	0.648
166.170	252.360	0.300	0.648
165.830	252.030	0.350	0.648
166.820	251.710	0.400	0.648
166.830	251.450	0.450	0.648
166.170	252.710	0.500	0.648
167.140	251.950	0.550	0.648
167.280	250.900	0.600	0.648
166.720	252.140	0.650	0.648
166.500	252.220	0.700	0.648
165.290	253.940	0.750	0.648
164.800	253.930	0.800	0.648
165.230	253.750	0.850	0.648
166.290	252.470	0.900	0.648
166.820	252.320	0.950	0.648
109.900	125.550	0.000	0.576
108.850	125.280	0.050	0.576
109.470	125.480	0.100	0.576
109.040	125.190	0.150	0.576
108.220	126.050	0.200	0.576
108.550	125.840	0.250	-1.007
107.770	126.000	0.300	-1.007
108.220	126.320	0.350	-1.007
108.830	126.080	0.400	-1.007
108.140	126.360	0.450	-1.007
107.220	125.830	0.500	-1.007
109.130	125.550	0.550	-1.007
108.820	126.010	0.600	-1.007
110.760	125.530	0.650	-1.007
109.840	126.710	0.700	-1.007
110.360	126.360	0.750	-1.007
109.560	126.030	0.800	-1.007
108.660	126.390	0.850	-1.007
109.210	125.760	0.900	-1.007
109.200	126.140	0.950	-1.007
222.090	235.530	0.000	0.671
222.430	235.300	0.050	0.671
222.020	235.370	0.100	0.671
222.170	235.500	0.150	0.671
221.760	235.330	0.200	0.671
221.590	234.800	0.250	0.658
222.230	235.090	0.300	0.658
221.590	234.950	0.350	0.658
221.720	235.230	0.400	0.658
222.350	235.120	0.450	0.658
221.890	235.320	0.500	0.658
222.150	234.740	0.550	0.658
221.390	235.000	0.600	0.658
221.500	234.890	0.650	0.658
222.080	234.890	0.700	0.658
222.280	234.690	0.750	0.658
222.680	234.730	0.800	0.658
223.070	234.870	0.850	0.658
223.020	234.640	0.900	0.658
222.920	234.660	0.950	0.658
171.080	150.800	0.000	0.715
171.550	150.520	0.050	0.715
171.600	151.180	0.100	0.715
172.230	151.690	0.150	0.715
171.500	151.300	0.200	0.715
170.560	151.480	0.250	0.016
170.120	151.870	0.300	0.016
169.720	151.700	0.350	0.016
170.060	152.010	0.400	0.016
170.350	150.780	0.450	0.016
170.530	151.100	0.500	0.016
170.620	151.470	0.550	0.016
170.910	151.410	0.600	0.016
170.330	150.870	0.650	0.016
169.950	150.970	0.700	0.016
170.190	151.370	0.750	0.016
170.310	151.190	0.800	0.016
170.700	151.290	0.850	0.016
170.620	151.250	0.900	0.016
172.000	149.690	0.950	0.016
166.230	141.640	0.000	0.809
165.820	141.260	0.050	0.809
166.760	141.880	0.100	0.809
166.560	142.210	0.150	0.809
165.820	142.310	0.200	0.809
166.100	142.310	0.250	0.388
165.210	142.090	0.300	0.388
165.630	142.530	0.350	0.388
165.820	142.360	0.400	0.388
165.590	141.430	0.450	0.388
165.580	141.090	0.500	0.388
165.360	140.040	0.550	0.388
165.670	140.220	0.600	0.388
166.030	141.100	0.650	0.388
165.920	139.720	0.700	0.388
165.210	140.540	0.750	0.388
165.090	140.640	0.800	0.388
164.580	140.880	0.850	0.388
164.620	141.000	0.900	0.388
164.390	141.010	0.950	0.388
144.540	203.350	0.000	0.382
146.110	203.800	0.050	0.382
144.480	203.310	0.100	0.382
145.690	202.470	0.150	0.382
146.660	203.560	0.200	0.382
146.220	202.720	0.250	0.145
146.490	203.180	0.300	0.145
146.650	204.180	0.350	0.145
145.820	203.940	0.400	0.145
145.290	203.790	0.450	0.145
146.500	203.910	0.500	0.145
146.080	203.650	0.550	0.145
144.950	203.070	0.600	0.145
145.050	203.670	0.650	0.145
145.250	202.750	0.700	0.145
144.930	202.810	0.750	0.145
145.650	203.060	0.800	0.145
146.840	203.820	0.850	0.145
145.980	204.090	0.900	0.145
146.500	203.870	0.950	0.145
145.090	210.590	0.000	0.349
144.650	210.790	0.050	0.349
144.990	211.380	0.100	0.349
145.090	210.160	0.150	0.349
144.870	210.170	0.200	0.349
145.220	209.900	0.250	0.357
145.040	210.820	0.300	0.357
144.700	211.790	0.350	0.357
145.620	211.350	0.400	0.357
145.920	211.130	0.450	0.357
145.330	210.750	0.500	0.357
145.000	211.500	0.550	0.357
145.210	211.540	0.600	0.357
145.420	211.940	0.650	0.357
145.480	211.020	0.700	0.357
146.220	211.810	0.750	0.357
145.650	212.190	0.800	0.357
145.100	211.690	0.850	0.357
145.670	211.980	0.900	0.357
145.100	211.310	0.950	0.357
132.800	267.880	0.000	0.649
133.820	268.640	0.050	0.649
133.630	267.850	0.100	0.649
133.480	268.030	0.150	0.649
134.500	268.190	0.200	0.649
134.100	268.260	0.250	-0.895
134.980	267.690	0.300	-0.895
135.140	268.380	0.350	-0.895
134.480	268.730	0.400	-0.895
135.290	267.440	0.450	-0.895
135.560	267.300	0.500	-0.895
133.780	266.980	0.550	-0.895
133.640	267.860	0.600	-0.895
132.620	267.950	0.650	-0.895
133.260	267.790	0.700	-0.895
133.010	267.060	0.750	-0.895
132.220	266.750	0.800	-0.895
132.490	267.670	0.850	-0.895
132.600	267.570	0.900	-0.895
132.200	267.700	0.950	-0.895
237.930	231.210	0.000	0.988
238.700	231.070	0.050	0.988
238.190	232.320	0.100	0.988
238.350	233.440	0.150	0.988
238.410	233.150	0.200	0.988
237.740	232.050	0.250	1.260
237.040	232.150	0.300	1.260
236.820	231.580	0.350	1.260
237.320	231.790	0.400	1.260
237.760	232.500	0.450	1.260
237.370	232.710	0.500	1.260
236.980	233.860	0.550	1.260
237.380	233.550	0.600	1.260
237.900	233.460	0.650	1.260
238.950	233.720	0.700	1.260
238.310	233.880	0.750	1.260
238.770	234.350	0.800	1.260
238.370	234.750	0.850	1.260
238.330	234.740	0.900	1.260
238.620	235.440	0.950	1.260
155.580	208.730	0.000	0.545
156.160	209.140	0.050	0.545
156.790	208.510	0.100	0.545
156.560	209.240	0.150	0.545
156.460	207.720	0.200	0.545
156.930	207.350	0.250	-0.331
156.270	208.990	0.300	-0.331
155.900	210.080	0.350	-0.331
156.560	208.680	0.400	-0.331
155.610	208.900	0.450	-0.331
155.810	208.710	0.500	-0.331
155.830	209.730	0.550	-0.331
156.340	209.400	0.600	-0.331
155.670	209.540	0.650	-0.331
156.770	210.340	0.700	-0.331
156.810	211.330	0.750	-0.331
155.930	210.030	0.800	-0.331
156.710	209.030	0.850	-0.331
157.000	207.960	0.900	-0.331
156.740	208.030	0.950	-0.331
210.570	178.690	0.000	0.345
210.950	178.950	0.050	0.345
210.920	177.660	0.100	0.345
210.780	178.850	0.150	0.345
210.650	177.880	0.200	0.345
210.780	178.160	0.250	1.159
211.150	178.130	0.300	1.159
210.090	178.700	0.350	1.159
210.050	177.690	0.400	1.159
211.430	178.120	0.450	1.159
211.050	178.530	0.500	1.159
211.440	178.840	0.550	1.159
210.830	178.520	0.600	1.159
211.240	178.190	0.650	1.159
211.210	177.170	0.700	1.159
213.470	178.650	0.750	1.159
212.180	178.020	0.800	1.159
213.880	178.280	0.850	1.159
213.900	178.590	0.900	1.159
214.050	177.830	0.950	1.159
181.770	98.543	0.000	0.683
182.790	99.232	0.050	0.683
183.350	99.174	0.100	0.683
184.540	99.406	0.150	0.683
184.040	99.328	0.200	0.683
183.300	99.708	0.250	1.418
182.990	99.925	0.300	1.418
182.010	100.790	0.350	1.418
182.440	100.300	0.400	1.418
182.540	100.410	0.450	1.418
182.900	100.160	0.500	1.418
182.970	99.847	0.550	1.418
183.530	100.600	0.600	1.418
182.550	101.310	0.650	1.418
183.090	100.270	0.700	1.418
182.420	100.530	0.750	1.418
183.520	100.750	0.800	1.418
182.480	100.830	0.850	1.418
182.370	101.140	0.900	1.418
182.110	101.950	0.950	1.418
106.650	219.410	0.000	1.098
106.110	219.470	0.050	1.098
105.880	219.060	0.100	1.098
106.190	219.760	0.150	1.098
105.990	218.620	0.200	1.098
107.280	218.660	0.250	0.178
107.410	219.190	0.300	0.178
108.630	219.690	0.350	0.178
108.020	220.080	0.400	0.178
108.040	220.280	0.450	0.178
107.880	221.300	0.500	0.178
107.180	220.930	0.550	0.178
106.600	220.750	0.600	0.178
106.270	220.980	0.650	0.178
105.770	220.000	0.700	0.178
106.450	220.900	0.750	0.178
107.740	221.090	0.800	0.178
108.660	221.320	0.850	0.178
108.180	220.520	0.900	0.178
108.390	219.510	0.950	0.178
127.980	124.320	0.000	0.536
128.560	123.730	0.050	0.536
127.290	123.340	0.100	0.536
127.710	123.510	0.150	0.536
126.340	123.110	0.200	0.536
127.020	124.060	0.250	1.225
126.700	124.210	0.300	1.225
126.640	124.630	0.350	1.225
125.890	123.760	0.400	1.225
126.540	123.650	0.450	1.225
126.010	123.550	0.500	1.225
126.360	123.800	0.550	1.225
126.120	123.860	0.600	1.225
126.110	123.830	0.650	1.225
125.850	124.860	0.700	1.225
126.560	125.810	0.750	1.225
125.700	125.020	0.800	1.225
125.710	125.250	0.850	1.225
125.900	125.770	0.900	1.225
125.470	124.290	0.950	1.225
234.420	265.010	0.000	0.827
234.360	264.600	0.050	0.827
233.320	265.480	0.100	0.827
232.300	265.240	0.150	0.827
232.530	264.970	0.200	0.827
233.560	265.000	0.250	-0.273
233.050	265.150	0.300	-0.273
234.410	264.470	0.350	-0.273
235.280	264.310	0.400	-0.273
234.430	264.670	0.450	-0.273
234.800	264.960	0.500	-0.273
234.470	264.670	0.550	-0.273
234.580	264.660	0.600	-0.273
233.890	264.910	0.650	-0.273
233.640	265.080	0.700	-0.273
233.880	265.150	0.750	-0.273
233.270	265.780	0.800	-0.273
233.590	265.410	0.850	-0.273
232.610	265.700	0.900	-0.273
232.510	265.810	0.950	-0.273
127.300	118.650	0.000	0.494
126.650	119.670	0.050	0.494
127.570	119.420	0.100	0.494
126.930	119.040	0.150	0.494
126.280	119.220	0.200	0.494
126.860	119.960	0.250	0.602
126.920	119.370	0.300	0.602
126.480	119.340	0.350	0.602
127.560	118.360	0.400	0.602
127.930	117.880	0.450	0.602
128.540	118.010	0.500	0.602
127.330	118.920	0.550	0.602
128.130	118.380	0.600	0.602
127.810	118.360	0.650	0.602
128.120	118.310	0.700	0.602
128.050	118.670	0.750	0.602
128.340	117.840	0.800	0.602
127.430	117.480	0.850	0.602
127.630	117.580	0.900	0.602
127.280	117.150	0.950	0.602
187.160	230.220	0.000	0.179
186.670	230.920	0.050	0.179
187.150	230.460	0.100	0.179
186.900	230.190	0.150	0.179
187.020	230.050	0.200	0.179
186.930	230.020	0.250	-0.411
187.330	230.640	0.300	-0.411
187.260	230.830	0.350	-0.411
187.660	230.490	0.400	-0.411
187.110	230.290	0.450	-0.411
187.080	230.430	0.500	-0.411
186.430	230.420	0.550	-0.411
187.120	230.130	0.600	-0.411
186.980	229.930	0.650	-0.411
187.270	229.970	0.700	-0.411
187.080	230.220	0.750	-0.411
187.670	230.380	0.800	-0.411
187.200	230.050	0.850	-0.411
186.890	230.860	0.900	-0.411
187.160	229.990	0.950	-0.411
181.730	110.270	0.000	0.817
181.470	110.590	0.050	0.817
180.770	110.020	0.100	0.817
180.940	108.830	0.150	0.817
181.030	108.640	0.200	0.817
181.510	108.850	0.250	-0.097
180.880	110.350	0.300	-0.097
180.980	110.750	0.350	-0.097
181.110	110.310	0.400	-0.097
180.610	111.310	0.450	-0.097
180.570	111.260	0.500	-0.097
180.330	111.230	0.550	-0.097
181.070	110.360	0.600	-0.097
180.190	110.040	0.650	-0.097
180.060	110.260	0.700	-0.097
179.300	110.950	0.750	-0.097
179.340	110.870	0.800	-0.097
180.240	109.500	0.850	-0.097
180.690	109.880	0.900	-0.097
180.540	109.470	0.950	-0.097
257.890	246.640	0.000	0.175
258.810	246.450	0.050	0.175
259.400	247.580	0.100	0.175
259.560	246.010	0.150	0.175
259.390	246.490	0.200	0.175
259.170	246.910	0.250	-0.712
259.360	246.890	0.300	-0.712
259.480	245.640	0.350	-0.712
259.420	245.580	0.400	-0.712
258.970	246.660	0.450	-0.712
258.540	245.780	0.500	-0.712
259.150	245.740	0.550	-0.712
258.280	245.520	0.600	-0.712
258.560	246.980	0.650	-0.712
258.490	246.870	0.700	-0.712
257.630	246.620	0.750	-0.712
257.850	246.780	0.800	-0.712
257.610	247.050	0.850	-0.712
258.110	246.920	0.900	-0.712
257.760	247.030	0.950	-0.712
174.950	123.830	0.000	0.635
175.440	123.000	0.050	0.635
175.240	122.720	0.100	0.635
174.950	122.090	0.150	0.635
175.770	122.560	0.200	0.635
175.750	122.620	0.250	0.582
176.430	123.560	0.300	0.582
176.370	122.350	0.350	0.582
175.140	122.350	0.400	0.582
175.840	122.460	0.450	0.582
176.090	121.790	0.500	0.582
175.820	122.120	0.550	0.582
174.950	121.910	0.600	0.582
174.770	122.030	0.650	0.582
174.100	122.230	0.700	0.582
174.720	121.650	0.750	0.582
174.650	120.680	0.800	0.582
175.470	121.640	0.850	0.582
175.950	122.170	0.900	0.582
176.190	121.790	0.950	0.582
97.124	152.520	0.000	0.445
96.737	153.330	0.050	0.445
96.865	153.460	0.100	0.445
97.059	154.070	0.150	0.445
97.061	154.240	0.200	0.445
97.065	154.790	0.250	0.293
96.671	155.130	0.300	0.293
96.180	155.010	0.350	0.293
97.393	155.210	0.400	0.293
97.066	154.040	0.450	0.293
96.723	155.130	0.500	0.293
96.554	154.210	0.550	0.293
96.718	154.850	0.600	0.293
96.873	154.290	0.650	0.293
96.667	154.680	0.700	0.293
97.122	154.740	0.750	0.293
97.397	154.190	0.800	0.293
97.350	153.620	0.850	0.293
97.259	154.540	0.900	0.293
96.309	154.090	0.950	0.293
145.110	125.420	0.000	0.567
144.520	125.060	0.050	0.567
144.650	125.030	0.100	0.567
145.230	125.240	0.150	0.567
144.620	125.300	0.200	0.567
145.040	125.110	0.250	-0.244
144.810	124.770	0.300	-0.244
144.620	125.120	0.350	-0.244
145.070	125.200	0.400	-0.244
144.430	124.790	0.450	-0.244
144.140	124.990	0.500	-0.244
144.180	124.830	0.550	-0.244
143.860	125.330	0.600	-0.244
144.150	125.020	0.650	-0.244
144.630	125.290	0.700	-0.244
144.720	125.560	0.750	-0.244
145.010	125.330	0.800	-0.244
145.030	124.760	0.850	-0.244
144.920	124.970	0.900	-0.244
145.410	124.500	0.950	-0.244
149.990	224.590	0.000	0.057
149.640	225.000	0.050	0.057
150.200	224.950	0.100	0.057
149.950	225.430	0.150	0.057
150.550	224.790	0.200	0.057
151.070	225.540	0.250	-0.295
150.540	224.500	0.300	-0.295
150.710	224.200	0.350	-0.295
151.300	224.580	0.400	-0.295
151.090	224.610	0.450	-0.295
150.880	224.970	0.500	-0.295
150.210	225.270	0.550	-0.295
151.230	225.050	0.600	-0.295
150.020	224.610	0.650	-0.295
150.220	225.050	0.700	-0.295
151.000	225.000	0.750	-0.295
151.440	225.060	0.800	-0.295
150.000	224.000	0.850	-0.295
150.650	224.910	0.900	-0.295
150.440	224.350	0.950	-0.295
197.640	216.540	0.000	0.421
199.080	215.710	0.050	0.421
200.100	215.700	0.100	0.421
200.830	216.240	0.150	0.421
199.580	215.980	0.200	0.421
199.100	215.850	0.250	0.347
199.150	215.370	0.300	0.347
200.170	215.980	0.350	0.347
200.100	215.790	0.400	0.347
199.810	215.440	0.450	0.347
199.830	215.450	0.500	0.347
199.040	216.110	0.550	0.347
198.720	216.350	0.600	0.347
198.930	216.040	0.650	0.347
198.390	215.750	0.700	0.347
199.070	215.290	0.750	0.347
198.880	215.510	0.800	0.347
198.760	215.780	0.850	0.347
198.640	215.830	0.900	0.347
199.290	215.300	0.950	0.347
232.830	145.880	0.000	0.768
233.970	145.040	0.050	0.768
234.170	144.940	0.100	0.768
234.310	144.070	0.150	0.768
234.000	146.000	0.200	0.768
233.500	145.870	0.250	0.533
232.940	145.660	0.300	0.533
233.560	146.750	0.350	0.533
233.190	146.300	0.400	0.533
234.140	146.540	0.450	0.533
234.000	147.000	0.500	0.533
235.000	147.640	0.550	0.533
234.900	147.890	0.600	0.533
235.340	146.230	0.650	0.533
235.560	145.570	0.700	0.533
235.520	145.980	0.750	0.533
235.300	145.460	0.800	0.533
235.390	145.500	0.850	0.533
236.130	146.430	0.900	0.533
235.710	146.650	0.950	0.533
201.840	315.080	0.000	0.724
202.030	315.430	0.050	0.724
202.030	315.280	0.100	0.724
202.740	315.960	0.150	0.724
202.750	315.880	0.200	0.724
202.430	316.070	0.250	1.130
202.140	315.180	0.300	1.130
203.080	315.430	0.350	1.130
203.980	315.750	0.400	1.130
204.220	316.070	0.450	1.130
204.350	315.360	0.500	1.130
205.070	316.610	0.550	1.130
203.590	316.370	0.600	1.130
204.470	316.850	0.650	1.130
203.540	316.630	0.700	1.130
203.440	316.830	0.750	1.130
204.160	316.940	0.800	1.130
204.000	316.000	0.850	1.130
204.480	316.020	0.900	1.130
205.200	316.120	0.950	1.130
218.140	307.170	0.000	0.178
217.600	306.990	0.050	0.178
218.300	308.150	0.100	0.178
218.320	307.140	0.150	0.178
218.580	307.890	0.200	0.178
218.190	308.190	0.250	-0.086
218.610	308.180	0.300	-0.086
219.580	308.390	0.350	-0.086
219.030	308.570	0.400	-0.086
219.270	307.380	0.450	-0.086
219.360	307.570	0.500	-0.086
218.490	308.170	0.550	-0.086
218.760	308.010	0.600	-0.086
218.770	307.940	0.650	-0.086
218.800	308.080	0.700	-0.086
218.890	308.710	0.750	-0.086
218.200	307.940	0.800	-0.086
219.350	308.260	0.850	-0.086
218.850	307.370	0.900	-0.086
218.290	307.770	0.950	-0.086
251.290	181.700	0.000	0.293
251.100	180.920	0.050	0.293
250.910	181.600	0.100	0.293
250.740	181.660	0.150	0.293
251.500	181.810	0.200	0.293
251.420	181.600	0.250	1.220
251.710	181.760	0.300	1.220
251.500	181.720	0.350	1.220
251.410	181.730	0.400	1.220
251.900	181.450	0.450	1.220
252.550	182.070	0.500	1.220
251.940	182.110	0.550	1.220
251.830	182.170	0.600	1.220
251.570	182.770	0.650	1.220
251.860	182.750	0.700	1.220
251.310	182.410	0.750	1.220
252.230	182.830	0.800	1.220
252.020	182.120	0.850	1.220
251.340	182.930	0.900	1.220
251.550	183.450	0.950	1.220
181.830	229.730	0.000	0.172
181.380	229.830	0.050	0.172
181.700	229.820	0.100	0.172
181.690	230.070	0.150	0.172
181.670	230.010	0.200	0.172
181.780	229.790	0.250	0.807
182.060	229.480	0.300	0.807
181.850	229.830	0.350	0.807
181.670	229.290	0.400	0.807
181.780	229.230	0.450	0.807
181.650	229.570	0.500	0.807
181.790	229.720	0.550	0.807
181.980	229.770	0.600	0.807
181.560	229.300	0.650	0.807
182.030	230.150	0.700	0.807
181.890	229.580	0.750	0.807
181.400	229.560	0.800	0.807
181.870	229.300	0.850	0.807
181.930	229.330	0.900	0.807
181.730	228.830	0.950	0.807
126.630	140.260	0.000	0.349
126.160	141.240	0.050	0.349
125.930	140.850	0.100	0.349
126.420	140.370	0.150	0.349
125.880	140.320	0.200	0.349
125.670	140.170	0.250	-0.576
125.760	140.660	0.300	-0.576
125.470	140.800	0.350	-0.576
125.810	140.630	0.400	-0.576
126.480	140.090	0.450	-0.576
127.020	139.590	0.500	-0.576
126.680	141.190	0.550	-0.576
126.410	140.270	0.600	-0.576
126.400	140.390	0.650	-0.576
125.870	140.370	0.700	-0.576
125.780	141.280	0.750	-0.576
126.110	140.940	0.800	-0.576
126.180	140.040	0.850	-0.576
126.490	140.770	0.900	-0.576
126.910	140.590	0.950	-0.576
170.510	150.320	0.000	0.456
170.240	150.940	0.050	0.456
169.980	150.650	0.100	0.456
171.190	150.220	0.150	0.456
172.180	150.160	0.200	0.456
171.080	149.900	0.250	0.015
170.570	150.640	0.300	0.015
170.520	150.980	0.350	0.015
170.420	150.800	0.400	0.015
170.310	150.720	0.450	0.015
169.810	151.470	0.500	0.015
170.680	152.480	0.550	0.015
170.420	152.300	0.600	0.015
171.750	150.800	0.650	0.015
170.790	151.500	0.700	0.015
170.080	151.730	0.750	0.015
170.290	152.500	0.800	0.015
170.310	151.800	0.850	0.015
170.730	151.780	0.900	0.015
169.890	151.300	0.950	0.015
152.990	142.970	0.000	0.300
151.250	144.660	0.050	0.300
151.270	144.130	0.100	0.300
151.510	144.290	0.150	0.300
149.830	145.200	0.200	0.300
150.710	144.520	0.250	1.220
149.900	144.220	0.300	1.220
149.720	145.760	0.350	1.220
150.080	145.160	0.400	1.220
150.400	144.530	0.450	1.220
150.220	144.130	0.500	1.220
149.770	144.330	0.550	1.220
149.590	144.530	0.600	1.220
149.680	144.620	0.650	1.220
149.230	144.670	0.700	1.220
150.030	143.710	0.750	1.220
149.710	143.280	0.800	1.220
149.640	144.740	0.850	1.220
149.700	145.300	0.900	1.220
150.010	144.230	0.950	1.220
106.840	215.190	0.000	-0.024
107.970	215.460	0.050	-0.024
107.960	214.730	0.100	-0.024
107.770	215.260	0.150	-0.024
106.890	215.460	0.200	-0.024
107.030	215.420	0.250	0.986
107.580	216.190	0.300	0.986
107.650	215.190	0.350	0.986
107.290	215.620	0.400	0.986
106.680	215.810	0.450	0.986
106.770	215.770	0.500	0.986
107.600	216.170	0.550	0.986
107.430	216.070	0.600	0.986
107.110	216.200	0.650	0.986
106.700	215.110	0.700	0.986
106.560	217.180	0.750	0.986
106.930	216.020	0.800	0.986
106.050	216.280	0.850	0.986
106.020	218.000	0.900	0.986
106.980	216.110	0.950	0.986
213.220	126.220	0.000	0.855
212.890	126.060	0.050	0.855
213.000	125.740	0.100	0.855
212.570	125.020	0.150	0.855
213.120	124.920	0.200	0.855
212.950	124.720	0.250	-0.512
212.130	125.170	0.300	-0.512
212.670	125.040	0.350	-0.512
213.460	124.710	0.400	-0.512
214.700	124.550	0.450	-0.512
213.950	124.980	0.500	-0.512
213.380	125.380	0.550	-0.512
213.640	125.630	0.600	-0.512
212.030	125.590	0.650	-0.512
211.730	125.150	0.700	-0.512
211.660	125.330	0.750	-0.512
212.300	124.820	0.800	-0.512
211.550	124.380	0.850	-0.512
211.760	124.960	0.900	-0.512
212.700	125.770	0.950	-0.512
212.250	170.380	0.000	0.917
212.520	170.400	0.050	0.917
211.670	168.930	0.100	0.917
211.480	169.300	0.150	0.917
212.030	168.240	0.200	0.917
211.340	167.430	0.250	1.584
212.420	167.230	0.300	1.584
212.520	166.820	0.350	1.584
212.750	166.470	0.400	1.584
212.450	166.750	0.450	1.584
212.210	166.830	0.500	1.584
211.590	165.880	0.550	1.584
212.470	166.230	0.600	1.584
213.310	166.860	0.650	1.584
213.530	166.660	0.700	1.584
211.870	166.250	0.750	1.584
211.930	165.720	0.800	1.584
211.520	165.470	0.850	1.584
212.300	165.610	0.900	1.584
212.410	165.510	0.950	1.584
146.530	135.160	0.000	-0.044
146.200	135.670	0.050	-0.044
145.790	135.310	0.100	-0.044
146.470	135.860	0.150	-0.044
145.800	135.050	0.200	-0.044
145.980	135.060	0.250	-0.072
146.290	135.340	0.300	-0.072
146.080	135.270	0.350	-0.072
145.930	135.150	0.400	-0.072
145.650	134.560	0.450	-0.072
146.300	135.550	0.500	-0.072
146.320	135.720	0.550	-0.072
145.940	134.690	0.600	-0.072
146.150	135.460	0.650	-0.072
145.950	135.580	0.700	-0.072
146.160	135.950	0.750	-0.072
145.710	135.920	0.800	-0.072
146.140	136.670	0.850	-0.072
145.820	135.690	0.900	-0.072
145.910	135.320	0.950	-0.072
153.960	263.250	0.000	0.001
154.400	263.190	0.050	0.001
156.420	263.820	0.100	0.001
155.250	263.350	0.150	0.001
155.380	263.900	0.200	0.001
156.300	262.820	0.250	0.655
154.990	264.200	0.300	0.655
155.490	263.540	0.350	0.655
155.790	264.970	0.400	0.655
155.250	263.940	0.450	0.655
155.050	263.800	0.500	0.655
155.470	263.620	0.550	0.655
156.500	264.050	0.600	0.655
156.110	263.730	0.650	0.655
156.930	263.590	0.700	0.655
156.140	264.340	0.750	0.655
155.200	264.620	0.800	0.655
156.750	263.670	0.850	0.655
155.580	264.570	0.900	0.655
155.350	263.900	0.950	0.655
135.000	73.530	0.000	0.357
135.370	74.093	0.050	0.357
135.360	73.405	0.100	0.357
135.580	73.149	0.150	0.357
135.230	72.868	0.200	0.357
135.070	73.050	0.250	0.564
135.160	73.191	0.300	0.564
134.420	72.657	0.350	0.564
134.090	73.017	0.400	0.564
134.470	72.925	0.450	0.564
134.590	73.319	0.500	0.564
134.620	73.646	0.550	0.564
134.330	73.761	0.600	0.564
133.910	73.956	0.650	0.564
134.340	73.446	0.700	0.564
134.050	73.314	0.750	0.564
134.400	74.067	0.800	0.564
134.310	72.998	0.850	0.564
134.860	74.047	0.900	0.564
133.790	74.030	0.950	0.564
111.280	206.450	0.000	0.575
111.590	207.030	0.050	0.575
110.870	205.730	0.100	0.575
109.670	206.240	0.150	0.575
109.550	207.350	0.200	0.575
108.260	207.790	0.250	0.591
109.120	206.440	0.300	0.591
109.420	206.130	0.350	0.591
108.950	206.310	0.400	0.591
109.820	205.730	0.450	0.591
109.010	206.570	0.500	0.591
109.390	206.100	0.550	0.591
109.580	205.890	0.600	0.591
110.290	205.260	0.650	0.591
110.330	205.200	0.700	0.591
109.830	204.970	0.750	0.591
109.280	205.230	0.800	0.591
110.260	205.410	0.850	0.591
110.530	205.340	0.900	0.591
108.900	205.300	0.950	0.591
228.280	304.820	0.000	0.651
228.610	304.500	0.050	0.651
227.710	305.040	0.100	0.651
228.060	304.810	0.150	0.651
228.810	304.150	0.200	0.651
227.990	305.600	0.250	-0.378
227.930	306.050	0.300	-0.378
226.870	305.730	0.350	-0.378
226.960	306.040	0.400	-0.378
227.610	304.910	0.450	-0.378
227.720	305.210	0.500	-0.378
228.250	304.930	0.550	-0.378
228.220	303.620	0.600	-0.378
227.940	304.210	0.650	-0.378
227.400	304.480	0.700	-0.378
228.060	304.670	0.750	-0.378
228.540	304.190	0.800	-0.378
228.790	304.140	0.850	-0.378
228.160	304.050	0.900	-0.378
228.790	303.380	0.950	-0.378
